13647: 28.576929, 61.274391, 56, 0, 56
13620: 19.866450, 1167.176424, 7, 0, 7
13736: 18.648778, 1892.232416, 4, 0, 4
13642: 15.927871, 1922.315164, 4, 0, 4
13812: 19.264173, 2061.124683, 5, 0, 5
13822: 19.804065, 2104.190940, 7, 0, 7
13743: 18.460302, 2164.193718, 13, 0, 13
13702: 16.954070, 2171.385557, 6, 0, 6
13639: 18.045374, 2172.255306, 5, 0, 5
13881: 13.849353, 2095.654278, 9, 0, 9
13821: 20.442684, 2187.762611, 6, 0, 6
13817: 20.484979, 2195.422747, 8, 0, 8
13805: 20.507389, 2196.217362, 10, 0, 10
13744: 18.705673, 2212.107941, 6, 0, 6
13804: 20.903610, 2275.531495, 8, 0, 8
13638: 18.714198, 2315.533422, 8, 0, 8
13781: 17.941361, 2342.903182, 6, 0, 6
13693: 15.430840, 2357.509297, 6, 0, 6
13707: 20.527946, 2432.178619, 5, 0, 5
13789: 18.982687, 2430.707960, 4, 0, 4
13706: 18.822096, 2437.195433, 9, 0, 9
13677: 16.483155, 2444.429010, 4, 0, 4
13668: 16.858157, 2484.336293, 5, 0, 5
13636: 19.711117, 2490.926062, 8, 0, 8
13714: 18.576600, 2545.117035, 7, 0, 7
13634: 20.042541, 2562.282575, 8, 0, 8
13741: 20.721573, 2565.793142, 13, 0, 13
13627: 20.088881, 2574.647475, 6, 0, 6
13730: 20.167708, 2587.239474, 6, 0, 6
13637: 20.238699, 2602.156764, 6, 0, 6
13729: 19.934686, 2599.614520, 6, 0, 6
13778: 19.337352, 2601.865700, 8, 0, 8
13641: 20.301711, 2609.752614, 6, 0, 6
13633: 20.387053, 2626.506182, 8, 0, 8
13871: 16.424121, 2540.838210, 9, 0, 9
13808: 22.791633, 2633.401378, 6, 0, 6
13735: 20.979033, 2650.050547, 6, 0, 6
13715: 19.182511, 2656.976202, 5, 0, 5
13806: 23.047209, 2653.901185, 7, 0, 7
13809: 23.113503, 2655.077437, 6, 0, 6
14001: 15.794264, 2380.824794, 4, 0, 4
13777: 19.982013, 2665.279725, 9, 0, 9
13631: 20.940287, 2673.409040, 5, 0, 5
13816: 23.260499, 2669.190065, 7, 0, 7
13986: 15.858698, 2397.788283, 3, 0, 3
13890: 15.669829, 2608.995964, 5, 0, 5
13828: 18.139993, 2629.875303, 8, 0, 8
13824: 18.863270, 2632.303145, 6, 0, 6
13795: 19.408336, 2725.204446, 4, 0, 4
13815: 23.791533, 2720.122634, 8, 0, 8
13731: 21.765860, 2753.681259, 5, 0, 5
13836: 18.205754, 2676.795493, 5, 0, 5
13807: 24.014788, 2764.433084, 7, 0, 7
13619: 26.379236, 2768.873295, 10, 0, 10
13651: 19.369583, 2774.402824, 8, 0, 8
13851: 17.761290, 2692.288214, 7, 0, 7
13875: 17.406679, 2695.819082, 6, 0, 6
13813: 24.262869, 2784.774669, 10, 0, 10
13901: 16.609179, 2700.383590, 6, 0, 6
13770: 24.360709, 2801.836340, 8, 0, 8
13788: 20.050002, 2805.501753, 7, 0, 7
13966: 17.202830, 2548.704960, 8, 0, 8
13678: 19.160424, 2837.848292, 6, 0, 6
13903: 16.077487, 2748.638008, 9, 0, 9
13673: 19.940275, 2841.100951, 5, 0, 5
13716: 21.108422, 2849.365684, 11, 0, 11
13652: 20.226814, 2881.398354, 7, 0, 7
13712: 21.437293, 2894.419297, 7, 0, 7
13864: 18.319232, 2811.466341, 12, 0, 12
13711: 21.640817, 2914.834515, 9, 0, 9
13863: 18.551398, 2831.813692, 8, 0, 8
13709: 21.740211, 2930.578841, 11, 0, 11
13803: 25.147522, 2927.311676, 10, 0, 10
13695: 19.240197, 2937.099136, 9, 0, 9
13661: 20.311711, 2949.761513, 5, 0, 5
13876: 18.370958, 2871.582597, 8, 0, 8
13692: 19.527183, 2969.115237, 5, 0, 5
13630: 23.015140, 2968.322009, 10, 0, 10
13878: 18.294291, 2875.017921, 6, 0, 6
13688: 19.663265, 2973.371101, 6, 0, 6
13786: 20.919550, 3009.055998, 6, 0, 6
13704: 22.385994, 3021.846111, 9, 0, 9
13672: 21.840526, 3031.160935, 5, 0, 5
13640: 23.322431, 3035.387215, 9, 0, 9
13622: 23.337388, 3039.209416, 8, 0, 8
13624: 23.358908, 3039.396125, 8, 0, 8
13669: 20.541328, 3057.028370, 6, 0, 6
13862: 19.191448, 2962.919584, 7, 0, 7
13721: 21.324604, 3059.385324, 6, 0, 6
13657: 21.031936, 3076.906956, 6, 0, 6
13772: 22.810133, 3074.531653, 13, 0, 13
13797: 20.779632, 3091.867032, 6, 0, 6
13963: 18.653110, 2823.154689, 6, 0, 6
13835: 20.443160, 3022.936670, 11, 0, 11
13656: 21.268356, 3116.842987, 11, 0, 11
13723: 21.466028, 3117.641021, 6, 0, 6
13738: 23.018297, 3119.565805, 6, 0, 6
13760: 22.205803, 3121.405499, 6, 0, 6
13659: 21.281751, 3132.527706, 7, 0, 7
13819: 26.181895, 3129.652035, 9, 0, 9
13733: 23.379489, 3135.412483, 7, 0, 7
13737: 24.168566, 3138.543344, 6, 0, 6
13689: 20.487607, 3148.105473, 5, 0, 5
13629: 23.961900, 3146.441918, 7, 0, 7
13798: 21.283831, 3147.892668, 5, 0, 5
13926: 16.870099, 2882.762620, 5, 0, 5
13842: 20.470207, 3073.813051, 6, 0, 6
13985: 19.024857, 2890.437967, 8, 0, 8
13681: 20.844749, 3176.318549, 11, 0, 11
13779: 23.227760, 3181.797779, 10, 0, 10
13705: 23.131914, 3184.935561, 6, 0, 6
13787: 21.805802, 3183.248707, 5, 0, 5
13769: 22.422899, 3195.125708, 6, 0, 6
13662: 21.511469, 3203.796954, 6, 0, 6
13648: 26.438528, 3201.741299, 19, 0, 19
13823: 21.390540, 3114.040177, 19, 0, 19
13887: 19.042237, 3116.456200, 6, 0, 6
13811: 26.698690, 3201.488308, 9, 0, 9
13670: 21.337408, 3211.800281, 11, 0, 11
13783: 24.254475, 3209.369345, 9, 0, 9
13701: 23.528896, 3224.749727, 9, 0, 9
13728: 22.833573, 3228.231429, 6, 0, 6
13991: 19.200234, 2953.836778, 5, 0, 5
13685: 21.091670, 3239.729189, 6, 0, 6
13719: 20.507985, 3247.030207, 6, 0, 6
13674: 21.485606, 3259.632505, 6, 0, 6
13872: 20.196943, 3165.219151, 6, 0, 6
13981: 19.618099, 2981.166913, 7, 0, 7
13726: 20.580512, 3266.918046, 5, 0, 5
13860: 20.565074, 3177.809322, 5, 0, 5
13995: 19.412897, 2993.788136, 6, 0, 6
13717: 21.552764, 3274.029426, 10, 0, 10
13748: 25.052617, 3273.561225, 13, 0, 13
13852: 20.779100, 3189.489260, 7, 0, 7
13655: 22.349219, 3287.647094, 7, 0, 7
13759: 23.384851, 3291.159181, 6, 0, 6
13682: 21.665239, 3304.016339, 9, 0, 9
13703: 26.257803, 3305.933952, 10, 0, 10
13848: 21.089161, 3217.193091, 18, 0, 18
13794: 22.489117, 3310.676098, 6, 0, 6
13766: 23.458653, 3318.241815, 6, 0, 6
13814: 27.182851, 3317.361624, 8, 0, 8
13747: 25.164500, 3329.776691, 12, 0, 12
13771: 25.171514, 3348.527250, 13, 0, 13
13755: 24.041383, 3354.167876, 6, 0, 6
13734: 24.879138, 3357.163050, 9, 0, 9
13699: 22.028095, 3358.396572, 4, 0, 4
14011: 19.716647, 3080.480419, 8, 0, 8
13790: 23.496640, 3357.410947, 6, 0, 6
13869: 20.754300, 3268.646439, 11, 0, 11
13846: 21.484476, 3276.746893, 19, 0, 19
14013: 19.768524, 3092.765774, 6, 0, 6
13971: 20.313249, 3105.734157, 8, 0, 8
13988: 20.731964, 3112.681828, 9, 0, 9
13973: 20.555434, 3117.089333, 6, 0, 6
13897: 19.582321, 3306.192674, 7, 0, 7
13830: 22.449806, 3312.948502, 20, 0, 20
13938: 18.571228, 3135.966977, 4, 0, 4
13892: 20.116239, 3320.501984, 6, 0, 6
13921: 18.640449, 3140.196924, 5, 0, 5
13625: 25.754138, 3421.803339, 7, 0, 7
13776: 25.062164, 3428.359528, 8, 0, 8
13763: 24.300202, 3429.773178, 6, 0, 6
13746: 26.219308, 3429.101586, 9, 0, 9
13969: 20.949474, 3156.783644, 6, 0, 6
13833: 22.623493, 3348.444047, 16, 0, 16
13945: 18.946710, 3175.508331, 5, 0, 5
13839: 22.744407, 3371.000858, 25, 0, 25
13727: 23.687714, 3464.216264, 6, 0, 6
13749: 26.436840, 3459.816762, 10, 0, 10
14055: 16.186506, 2737.958418, 8, 0, 8
13818: 28.631410, 3463.707748, 12, 0, 12
14070: 16.060458, 2757.452719, 5, 0, 5
13643: 26.440316, 3491.511672, 8, 0, 8
13960: 19.199174, 3214.588096, 5, 0, 5
13873: 21.797651, 3411.576126, 5, 0, 5
13690: 22.863086, 3513.630661, 6, 0, 6
13720: 24.645117, 3522.725726, 8, 0, 8
13992: 21.241222, 3252.439549, 8, 0, 8
14025: 15.703204, 2811.265562, 7, 0, 7
13913: 19.557641, 3279.796047, 5, 0, 5
13857: 22.723499, 3475.165403, 21, 0, 21
13745: 27.357974, 3567.231704, 10, 0, 10
13666: 23.961580, 3573.742043, 8, 0, 8
13841: 23.436980, 3495.520044, 8, 0, 8
13632: 27.080232, 3591.591682, 6, 0, 6
13782: 26.231345, 3598.906542, 10, 0, 10
13621: 27.206844, 3607.926375, 9, 0, 9
13894: 21.448422, 3515.104408, 5, 0, 5
13722: 25.005217, 3615.710415, 9, 0, 9
13916: 19.757858, 3351.514957, 5, 0, 5
14005: 21.466596, 3351.354187, 10, 0, 10
14062: 17.279334, 2920.713992, 5, 0, 5
13920: 19.888547, 3375.520195, 5, 0, 5
13914: 20.018913, 3395.843126, 7, 0, 7
13762: 25.548749, 3670.605700, 8, 0, 8
13918: 21.268562, 3398.230003, 7, 0, 7
13626: 27.720683, 3687.245787, 7, 0, 7
13915: 20.072661, 3411.720261, 5, 0, 5
13679: 24.201111, 3704.734259, 10, 0, 10
14021: 16.885436, 2974.337270, 17, 0, 17
13934: 20.184291, 3430.978873, 5, 0, 5
13663: 24.725769, 3709.057869, 9, 0, 9
13922: 22.186871, 3433.184063, 6, 0, 6
13895: 24.014617, 3620.692147, 12, 0, 12
13658: 25.026091, 3720.596783, 7, 0, 7
13675: 26.707523, 3722.756625, 11, 0, 11
14035: 16.911780, 2994.206239, 7, 0, 7
13936: 20.305573, 3450.611762, 5, 0, 5
13959: 22.340946, 3451.726340, 6, 0, 6
13700: 21.718048, 3746.969366, 6, 0, 6
14009: 21.929778, 3462.783452, 11, 0, 11
13866: 23.463694, 3650.487996, 9, 0, 9
13676: 24.672055, 3746.027399, 6, 0, 6
13904: 23.575991, 3653.602766, 10, 0, 10
14073: 17.647061, 3016.735294, 5, 0, 5
14097: 16.306305, 3024.695902, 4, 0, 4
13694: 24.236357, 3768.310252, 9, 0, 9
13696: 24.206985, 3776.583946, 6, 0, 6
13724: 21.945367, 3197.140611, 9, 0, 9
13623: 28.359539, 3782.238999, 7, 0, 7
13799: 25.156799, 3779.467931, 6, 0, 6
13827: 25.045230, 3694.271766, 24, 0, 24
13800: 25.191437, 3791.721464, 6, 0, 6
13958: 21.719739, 3520.150214, 6, 0, 6
13671: 25.177053, 3808.114776, 10, 0, 10
13944: 20.919135, 3541.880229, 5, 0, 5
13954: 20.949350, 2929.104104, 5, 0, 5
13773: 28.382424, 3821.184846, 9, 0, 9
14100: 16.343179, 3096.298878, 7, 0, 7
13686: 25.190560, 3831.970955, 8, 0, 8
13886: 22.974054, 3741.856690, 7, 0, 7
13884: 23.165444, 3753.707647, 11, 0, 11
13698: 24.689822, 3847.582493, 7, 0, 7
13834: 24.998795, 3757.974171, 8, 0, 8
13975: 23.710908, 3569.031463, 9, 0, 9
13751: 27.064386, 3847.124341, 8, 0, 8
13861: 24.175980, 3761.511664, 11, 0, 11
13840: 26.183932, 3764.256218, 6, 0, 6
13845: 24.681401, 3766.143661, 6, 0, 6
13888: 23.104694, 3773.874203, 9, 0, 9
13965: 23.788548, 3586.123291, 7, 0, 7
13993: 23.308152, 3585.693817, 12, 0, 12
14045: 18.749244, 3141.047038, 7, 0, 7
14046: 18.820390, 3147.521870, 8, 0, 8
14000: 23.172683, 3601.478603, 6, 0, 6
13896: 22.766254, 3789.914701, 6, 0, 6
13856: 24.587732, 3791.187372, 8, 0, 8
13853: 24.645768, 3791.650805, 9, 0, 9
13849: 21.016495, 3201.639027, 9, 0, 9
13867: 24.413196, 3809.233514, 11, 0, 11
14015: 19.438139, 3175.959358, 7, 0, 7
14068: 19.067841, 3174.534440, 7, 0, 7
14066: 15.580903, 2678.371037, 5, 0, 5
14003: 23.341653, 3633.124683, 10, 0, 10
14049: 19.300493, 3191.336642, 7, 0, 7
13628: 29.458436, 3923.673112, 9, 0, 9
13939: 21.442403, 3645.576898, 5, 0, 5
14019: 18.004852, 3193.622679, 6, 0, 6
13948: 21.445076, 3647.886176, 5, 0, 5
13687: 21.654804, 3318.884175, 11, 0, 11
13931: 23.668552, 3649.178949, 5, 0, 5
14022: 18.060728, 3205.049392, 12, 0, 12
13774: 28.810416, 3928.343688, 12, 0, 12
13990: 24.081141, 3656.878766, 7, 0, 7
13844: 25.345073, 3845.005723, 15, 0, 15
13761: 27.233855, 3942.786861, 7, 0, 7
13825: 26.084881, 3853.270641, 15, 0, 15
14069: 19.158954, 3218.929155, 6, 0, 6
14084: 17.925873, 3219.730455, 4, 0, 4
13837: 25.834497, 3860.920619, 10, 0, 10
13987: 24.351142, 3676.648698, 7, 0, 7
13854: 25.431588, 3872.512476, 9, 0, 9
13955: 21.763684, 3692.694233, 5, 0, 5
13999: 24.230385, 3692.341239, 7, 0, 7
13654: 27.232723, 3977.400817, 6, 0, 6
13785: 26.627459, 3979.096593, 9, 0, 9
14098: 17.924646, 3254.679396, 8, 0, 8
14149: 15.188206, 2703.635041, 4, 0, 4
14099: 19.839033, 3264.743520, 11, 0, 11
13974: 24.888184, 3723.849412, 8, 0, 8
13754: 27.916359, 4006.499672, 7, 0, 7
14071: 21.763683, 3303.872760, 7, 0, 7
13909: 22.361534, 3765.660222, 6, 0, 6
14095: 18.614316, 3310.554355, 8, 0, 8
13900: 24.287303, 3949.219288, 15, 0, 15
13768: 27.835161, 4046.891847, 7, 0, 7
13742: 30.691143, 4048.200873, 18, 0, 18
14007: 24.733542, 3783.773802, 15, 0, 15
13953: 22.651801, 3787.601779, 7, 0, 7
14157: 15.627190, 2778.634015, 7, 0, 7
13946: 22.729569, 3807.667510, 6, 0, 6
13879: 25.818344, 4003.817362, 9, 0, 9
13919: 22.966210, 3820.726492, 5, 0, 5
13665: 28.353111, 4105.923956, 10, 0, 10
13964: 25.456471, 3828.542253, 7, 0, 7
13826: 27.693627, 4035.604071, 10, 0, 10
14085: 19.516545, 3398.420105, 5, 0, 5
13910: 23.251699, 3852.517679, 7, 0, 7
14053: 20.650026, 3401.499054, 7, 0, 7
13831: 27.589336, 4043.306361, 9, 0, 9
13929: 23.277786, 3863.702395, 6, 0, 6
13868: 26.491102, 4047.150465, 9, 0, 9
14172: 16.148778, 2853.484594, 6, 0, 6
13970: 25.786116, 3868.279761, 11, 0, 11
14038: 20.870363, 3433.674337, 9, 0, 9
14061: 21.297923, 3436.441810, 6, 0, 6
14180: 16.176965, 2893.969751, 5, 0, 5
14060: 20.993056, 3453.354943, 9, 0, 9
13752: 29.337008, 4184.906777, 8, 0, 8
14048: 21.085321, 3461.230927, 6, 0, 6
14041: 21.135831, 3469.934982, 9, 0, 9
13889: 25.909433, 4136.122150, 10, 0, 10
14194: 15.997942, 2941.707932, 9, 0, 9
13982: 26.409432, 3951.441423, 11, 0, 11
14086: 20.155971, 3505.955114, 11, 0, 11
13757: 29.369937, 4234.119191, 7, 0, 7
13930: 24.656345, 3962.484264, 6, 0, 6
13792: 28.318588, 4237.240691, 7, 0, 7
13983: 26.409336, 3958.273192, 10, 0, 10
14016: 20.679438, 3514.891518, 6, 0, 6
13758: 29.431901, 4244.974681, 7, 0, 7
14010: 25.464929, 3970.799000, 8, 0, 8
14155: 17.031195, 2965.134644, 6, 0, 6
13912: 23.871585, 3979.673097, 6, 0, 6
13967: 26.639892, 3979.259979, 7, 0, 7
13952: 23.959632, 3990.631827, 6, 0, 6
13917: 23.967440, 3995.960442, 6, 0, 6
14167: 17.068722, 2985.361592, 9, 0, 9
13650: 29.143904, 4276.576565, 11, 0, 11
13882: 26.753860, 4194.161256, 7, 0, 7
14147: 17.206669, 3009.230603, 6, 0, 6
14050: 23.544553, 3567.229874, 10, 0, 10
13998: 26.419533, 4034.821510, 9, 0, 9
13997: 26.535656, 4046.159549, 10, 0, 10
13908: 25.746872, 4234.325464, 9, 0, 9
13928: 24.458779, 4070.953862, 6, 0, 6
14079: 21.924601, 3627.595294, 5, 0, 5
13858: 27.983571, 4286.392479, 9, 0, 9
13994: 27.037025, 4101.913465, 7, 0, 7
14104: 20.159741, 3652.794558, 5, 0, 5
13972: 27.223225, 4105.959439, 9, 0, 9
14094: 20.608975, 3673.376795, 10, 0, 10
13902: 26.241844, 4314.596017, 16, 0, 16
13976: 27.424769, 4125.644986, 10, 0, 10
14204: 17.287637, 3137.124035, 5, 0, 5
13968: 27.499936, 4147.552990, 11, 0, 11
13927: 24.881726, 4154.094923, 7, 0, 7
13725: 30.195590, 4432.968499, 7, 0, 7
13880: 27.699012, 4346.812699, 20, 0, 20
14106: 20.414216, 3712.666277, 7, 0, 7
14031: 21.827255, 3725.140898, 13, 0, 13
14077: 22.689161, 3734.730687, 9, 0, 9
13907: 26.836166, 4393.350197, 8, 0, 8
13865: 28.742829, 4393.903668, 10, 0, 10
14039: 22.982614, 3763.865194, 9, 0, 9
13855: 29.327318, 4400.851474, 12, 0, 12
14089: 23.945037, 3764.896779, 6, 0, 6
13905: 27.340942, 4406.412970, 10, 0, 10
14215: 18.009431, 3210.257641, 6, 0, 6
14183: 18.577274, 3222.945495, 5, 0, 5
13870: 29.327178, 4436.728852, 7, 0, 7
14159: 19.160110, 3255.011096, 11, 0, 11
13932: 25.552320, 4265.324466, 6, 0, 6
13898: 27.917978, 4452.597595, 8, 0, 8
14110: 21.507721, 3818.445035, 6, 0, 6
14082: 21.710511, 3827.977708, 6, 0, 6
13947: 26.946273, 4283.284010, 7, 0, 7
13956: 25.739971, 4288.390766, 6, 0, 6
13957: 25.852319, 4296.366367, 6, 0, 6
13925: 25.873266, 4297.500649, 6, 0, 6
14026: 23.233292, 3871.710289, 9, 0, 9
13943: 26.335763, 4340.497665, 7, 0, 7
14083: 23.171435, 3886.451836, 10, 0, 10
14036: 23.690402, 3911.819745, 9, 0, 9
14175: 19.571398, 3358.436940, 6, 0, 6
13883: 30.781872, 4566.160157, 12, 0, 12
14044: 24.351547, 3950.199462, 7, 0, 7
14029: 24.110495, 3950.876254, 12, 0, 12
14115: 19.948444, 3404.880532, 5, 0, 5
14072: 24.719198, 3968.950993, 9, 0, 9
14192: 20.692877, 3416.195539, 8, 0, 8
14063: 24.391966, 3973.326420, 7, 0, 7
14108: 22.738025, 3973.379000, 5, 0, 5
14102: 23.216025, 3985.574077, 6, 0, 6
14121: 20.048611, 3432.121900, 5, 0, 5
13980: 29.770839, 4438.945447, 9, 0, 9
14020: 24.345371, 3994.970286, 10, 0, 10
14112: 22.747315, 3994.067482, 6, 0, 6
13978: 29.896693, 4447.085481, 9, 0, 9
14162: 20.317555, 3442.325684, 9, 0, 9
14034: 24.478259, 4002.761848, 11, 0, 11
14033: 24.514998, 4003.706742, 8, 0, 8
14087: 24.236938, 4005.111303, 10, 0, 10
14017: 24.784759, 4026.934289, 9, 0, 9
13942: 27.238949, 4483.401667, 7, 0, 7
14212: 20.203631, 3480.508824, 7, 0, 7
14067: 25.167674, 4044.486443, 9, 0, 9
14109: 23.386642, 4049.263336, 9, 0, 9
14057: 25.354059, 4060.682384, 9, 0, 9
14137: 20.690837, 3506.132336, 11, 0, 11
14264: 15.907238, 2994.341978, 4, 0, 4
13961: 27.423497, 4521.954036, 7, 0, 7
14080: 25.354708, 4068.780934, 9, 0, 9
13924: 27.464010, 4527.833245, 7, 0, 7
14193: 20.539306, 3520.756563, 9, 0, 9
14154: 21.138087, 3541.649333, 8, 0, 8
13923: 27.741297, 4555.360119, 7, 0, 7
14218: 16.322383, 3035.190591, 5, 0, 5
14247: 16.293731, 3042.432045, 4, 0, 4
14292: 16.304460, 3044.155068, 5, 0, 5
14043: 25.955964, 4120.984737, 9, 0, 9
14290: 16.582857, 3052.408601, 6, 0, 6
14059: 25.144425, 4137.030877, 12, 0, 12
14118: 22.907288, 3584.550509, 7, 0, 7
14202: 20.713049, 3596.108188, 7, 0, 7
14152: 21.662037, 3601.063278, 7, 0, 7
13950: 28.261184, 4618.455769, 7, 0, 7
13935: 28.269693, 4619.257469, 6, 0, 6
14279: 17.491432, 3095.988860, 6, 0, 6
14206: 20.772720, 3619.618886, 8, 0, 8
13962: 28.404549, 4634.253801, 7, 0, 7
14198: 21.206385, 3627.485152, 6, 0, 6
14276: 17.581525, 3111.719379, 6, 0, 6
14242: 18.901855, 3111.738224, 5, 0, 5
14091: 24.830583, 4209.529411, 8, 0, 8
14211: 21.529921, 3652.231416, 5, 0, 5
14024: 22.058232, 3741.675228, 12, 0, 12
14195: 21.494961, 3655.984846, 8, 0, 8
14119: 21.464085, 3665.958052, 12, 0, 12
14148: 22.469098, 3679.934054, 8, 0, 8
14280: 18.165042, 3163.349339, 5, 0, 5
14170: 22.433372, 3683.645003, 10, 0, 10
14278: 18.338664, 3175.166711, 5, 0, 5
14129: 21.989552, 3725.403504, 7, 0, 7
14116: 22.130589, 3726.545075, 5, 0, 5
14078: 26.855734, 4282.914188, 8, 0, 8
13933: 28.847846, 4742.985760, 6, 0, 6
14101: 25.434877, 4291.259858, 8, 0, 8
14093: 26.649164, 4294.385214, 9, 0, 9
14246: 17.442871, 3233.391459, 4, 0, 4
14103: 25.442105, 4307.781649, 10, 0, 10
14120: 22.316310, 3756.087691, 7, 0, 7
13911: 28.999624, 4766.976033, 7, 0, 7
14168: 22.729869, 3759.356886, 8, 0, 8
14179: 22.765765, 3766.571296, 7, 0, 7
14186: 23.008154, 3770.131036, 6, 0, 6
14140: 22.544541, 3784.245448, 12, 0, 12
14052: 27.477075, 4343.060595, 10, 0, 10
14146: 23.062881, 3795.874589, 6, 0, 6
14125: 22.878338, 3812.458362, 11, 0, 11
14277: 18.927330, 3302.388825, 6, 0, 6
14122: 23.095384, 3832.665329, 7, 0, 7
14269: 18.058870, 3336.003288, 4, 0, 4
14259: 18.124666, 3340.337734, 6, 0, 6
14203: 22.902419, 3861.610540, 8, 0, 8
14219: 18.238992, 3353.156534, 4, 0, 4
14138: 23.083071, 3879.745986, 7, 0, 7
14217: 23.181460, 3893.618905, 11, 0, 11
14135: 23.186697, 3908.174618, 6, 0, 6
14235: 18.501499, 3396.668142, 6, 0, 6
14176: 23.752843, 3919.296677, 10, 0, 10
14165: 23.755098, 3922.132257, 10, 0, 10
14268: 18.850502, 3419.168274, 6, 0, 6
14088: 27.294536, 4496.801139, 7, 0, 7
14221: 18.952782, 3432.564926, 4, 0, 4
14028: 27.991481, 4511.186611, 19, 0, 19
14054: 28.521745, 4513.880579, 10, 0, 10
14208: 23.313773, 3966.516094, 10, 0, 10
14197: 23.784837, 3969.459796, 9, 0, 9
14023: 28.454223, 4535.085903, 17, 0, 17
14096: 27.700108, 4557.114958, 7, 0, 7
14117: 24.332180, 4007.417622, 13, 0, 13
14113: 27.033293, 4575.690648, 9, 0, 9
14323: 16.235609, 2615.849148, 4, 0, 4
14209: 24.432038, 4039.848834, 11, 0, 11
14285: 20.404040, 3528.567739, 5, 0, 5
14156: 24.894287, 4046.441968, 7, 0, 7
14262: 19.394186, 3534.455343, 5, 0, 5
14126: 24.796069, 4050.317624, 10, 0, 10
14188: 24.843806, 4072.627990, 7, 0, 7
14263: 19.669169, 3566.495634, 5, 0, 5
14173: 25.111152, 4092.783686, 9, 0, 9
14191: 24.763392, 4092.568520, 6, 0, 6
14184: 25.059340, 4095.175209, 6, 0, 6
14166: 25.176305, 4105.037292, 11, 0, 11
14143: 24.915009, 4109.697116, 20, 0, 20
14182: 25.234490, 4112.464894, 9, 0, 9
14131: 25.096376, 4119.278929, 9, 0, 9
14128: 25.199601, 4130.114890, 8, 0, 8
14303: 15.668801, 2820.664610, 3, 0, 3
14233: 20.397499, 3634.890554, 6, 0, 6
14074: 29.905033, 4708.063792, 9, 0, 9
14296: 20.652236, 3651.548528, 5, 0, 5
14240: 20.565344, 3666.214810, 5, 0, 5
14164: 26.017307, 4187.974648, 9, 0, 9
14330: 17.557061, 2786.394945, 5, 0, 5
14142: 25.759049, 4208.871823, 6, 0, 6
14222: 20.894494, 3698.916543, 7, 0, 7
14210: 25.710049, 4215.708299, 11, 0, 11
14223: 22.974964, 3716.272170, 5, 0, 5
14178: 26.179074, 4239.190037, 6, 0, 6
14297: 21.284415, 3735.384792, 6, 0, 6
14287: 21.951622, 3739.215190, 5, 0, 5
14260: 21.090500, 3745.061309, 5, 0, 5
14251: 23.028069, 3751.191757, 6, 0, 6
14185: 26.397466, 4279.309923, 6, 0, 6
14134: 26.740395, 4296.143767, 14, 0, 14
14139: 26.755768, 4308.069147, 6, 0, 6
14123: 26.852444, 4312.905913, 10, 0, 10
14320: 18.519161, 2921.928020, 8, 0, 8
14266: 21.961514, 3800.279992, 5, 0, 5
14130: 27.176542, 4355.839400, 7, 0, 7
14216: 26.860745, 4365.251807, 8, 0, 8
14270: 21.819966, 3859.872550, 5, 0, 5
14348: 17.035066, 2802.796145, 6, 0, 6
14207: 26.545497, 4390.070540, 6, 0, 6
14310: 17.399679, 3094.321558, 4, 0, 4
14340: 17.559999, 2870.346028, 6, 0, 6
14347: 17.215981, 2830.946675, 5, 0, 5
14317: 20.036800, 3083.934034, 5, 0, 5
14291: 24.627427, 3923.797672, 6, 0, 6
14229: 22.437162, 3964.665205, 5, 0, 5
14261: 22.574905, 3983.384777, 5, 0, 5
14187: 28.360971, 4500.978192, 7, 0, 7
14243: 22.749364, 4000.154410, 9, 0, 9
14391: 16.061612, 2475.314920, 6, 0, 6
14255: 23.082607, 4039.260318, 6, 0, 6
14294: 24.098219, 4076.302717, 5, 0, 5
14265: 23.464961, 4090.485890, 6, 0, 6
14293: 24.313677, 4105.584914, 7, 0, 7
14307: 19.244034, 3328.975336, 4, 0, 4
14328: 21.484091, 3250.396537, 6, 0, 6
14304: 19.456513, 3356.483895, 5, 0, 5
14258: 26.309534, 4155.743773, 6, 0, 6
14282: 25.592824, 4159.797793, 6, 0, 6
14442: 14.892860, 2176.919648, 5, 0, 5
14380: 17.725233, 2680.536474, 5, 0, 5
14163: 30.285745, 4696.124425, 13, 0, 13
14315: 22.539601, 3365.412602, 7, 0, 7
14334: 18.648605, 3237.220640, 6, 0, 6
14373: 18.398346, 2782.116966, 5, 0, 5
14371: 17.038796, 2787.895975, 4, 0, 4
14274: 26.380451, 4215.431123, 7, 0, 7
14345: 20.451834, 3155.884779, 6, 0, 6
14254: 24.737570, 4229.580349, 6, 0, 6
14301: 20.116980, 3432.269018, 5, 0, 5
14404: 17.645415, 2599.164755, 4, 0, 4
14337: 18.981824, 3264.942098, 5, 0, 5
14267: 24.919218, 4244.917823, 6, 0, 6
14367: 21.517349, 2896.407740, 7, 0, 7
14311: 20.350089, 3459.206223, 6, 0, 6
14245: 25.575498, 4261.021401, 7, 0, 7
14253: 25.374588, 4284.836899, 6, 0, 6
14228: 25.480287, 4301.696608, 6, 0, 6
14379: 18.718434, 2812.716055, 6, 0, 6
14271: 25.570658, 4312.177692, 6, 0, 6
14344: 24.981585, 3664.032368, 9, 0, 9
14420: 20.352461, 2903.726488, 6, 0, 6
14354: 20.153354, 3040.916357, 5, 0, 5
14241: 25.634040, 4337.128400, 8, 0, 8
14386: 19.099573, 2842.767838, 5, 0, 5
14388: 19.127997, 2844.251894, 6, 0, 6
14390: 23.383756, 3258.731677, 10, 0, 10
14437: 20.212780, 2859.385654, 6, 0, 6
14338: 23.997870, 3783.878890, 7, 0, 7
14394: 22.947527, 3196.976570, 8, 0, 8
14358: 25.375881, 3487.891134, 6, 0, 6
14415: 20.111684, 3091.570724, 5, 0, 5
14461: 19.323891, 2661.460989, 5, 0, 5
14370: 22.058677, 3382.196549, 5, 0, 5
14343: 25.564311, 3714.769488, 9, 0, 9
14439: 15.951675, 2439.423873, 8, 0, 8
14383: 19.163980, 2849.044626, 15, 0, 15
14445: 20.517879, 2772.186803, 5, 0, 5
14364: 20.860563, 2994.918534, 7, 0, 7
14281: 27.104102, 4346.868326, 9, 0, 9
14423: 16.528186, 2519.132628, 6, 0, 6
14356: 20.720983, 3092.213059, 6, 0, 6
14381: 19.699800, 2898.312113, 5, 0, 5
14359: 21.039992, 3111.974645, 5, 0, 5
14288: 27.308721, 4405.415012, 11, 0, 11
14313: 24.467930, 3575.578807, 8, 0, 8
14332: 24.383790, 3840.019714, 6, 0, 6
14436: 16.768884, 2515.011182, 7, 0, 7
14457: 19.827413, 2692.767092, 8, 0, 8
14399: 19.463666, 2797.361552, 5, 0, 5
14433: 18.258967, 2517.361040, 5, 0, 5
14357: 21.224751, 3135.732371, 5, 0, 5
14252: 26.552523, 4431.742381, 6, 0, 6
14226: 26.606822, 4444.705932, 8, 0, 8
14325: 24.268905, 3551.513632, 6, 0, 6
14472: 15.689531, 2247.276285, 4, 0, 4
14361: 21.366137, 3106.468401, 6, 0, 6
14239: 26.787395, 4460.172930, 8, 0, 8
14384: 21.121570, 3029.633006, 7, 0, 7
14327: 28.696952, 3954.944259, 9, 0, 9
14306: 26.022522, 4053.752523, 7, 0, 7
14333: 24.803061, 3881.179306, 6, 0, 6
14375: 22.642145, 3438.019771, 6, 0, 6
14466: 20.493487, 2747.681920, 5, 0, 5
14410: 25.367641, 3239.197214, 7, 0, 7
14413: 20.955800, 3206.731808, 5, 0, 5
14545: 15.778805, 2159.348785, 6, 0, 6
14474: 20.508780, 2690.355731, 8, 0, 8
14468: 19.793933, 2691.670006, 8, 0, 8
14430: 21.862363, 3001.931885, 8, 0, 8
14300: 22.393497, 3681.585010, 5, 0, 5
14299: 22.791003, 3689.145645, 6, 0, 6
14286: 28.451337, 4497.097696, 10, 0, 10
14302: 22.576966, 3713.599014, 7, 0, 7
14322: 25.005895, 3623.201122, 8, 0, 8
14220: 27.291951, 4516.507762, 9, 0, 9
14393: 20.424189, 2956.339978, 6, 0, 6
14346: 23.056620, 3464.761338, 9, 0, 9
14421: 18.328069, 2702.735729, 5, 0, 5
14339: 23.683558, 3516.656580, 7, 0, 7
14432: 18.141292, 2649.502305, 6, 0, 6
14248: 27.738425, 4563.581510, 7, 0, 7
14318: 25.642105, 3686.686631, 7, 0, 7
14422: 22.625604, 3105.731762, 9, 0, 9
14395: 20.979784, 3007.251880, 5, 0, 5
14312: 26.180686, 3745.914486, 7, 0, 7
14231: 28.078028, 4599.592207, 7, 0, 7
14427: 19.001460, 2764.545377, 6, 0, 6
14568: 18.054412, 2110.262345, 6, 0, 6
14385: 21.784988, 3116.980698, 7, 0, 7
14234: 28.264795, 4614.967548, 8, 0, 8
14387: 22.191418, 3119.914216, 5, 0, 5
14314: 26.461703, 3786.492836, 8, 0, 8
14365: 22.889899, 3276.843878, 7, 0, 7
14435: 22.344836, 3049.230730, 11, 0, 11
14237: 28.338235, 4626.604853, 7, 0, 7
14565: 17.272012, 2118.757518, 5, 0, 5
14249: 28.394872, 4630.364309, 6, 0, 6
14477: 19.247071, 2396.229283, 8, 0, 8
14446: 22.245412, 2929.720270, 8, 0, 8
14554: 16.231250, 2171.002101, 6, 0, 6
14417: 22.095482, 3281.239090, 5, 0, 5
14331: 22.567225, 3665.506222, 10, 0, 10
14507: 18.624028, 2528.033624, 6, 0, 6
14491: 20.143716, 2663.840413, 4, 0, 4
14479: 20.600046, 2744.130072, 8, 0, 8
14492: 17.114377, 2374.593033, 6, 0, 6
14428: 19.461204, 2784.407241, 7, 0, 7
14372: 20.894892, 3256.196115, 5, 0, 5
14408: 24.817105, 3360.390498, 8, 0, 8
14485: 21.950442, 2707.109760, 6, 0, 6
14419: 19.280242, 3016.161834, 5, 0, 5
14495: 20.647344, 2696.366559, 8, 0, 8
14483: 18.762574, 2718.565673, 5, 0, 5
14342: 28.205817, 3939.823271, 7, 0, 7
14298: 26.781922, 4216.940500, 10, 0, 10
14407: 24.956995, 3384.261489, 9, 0, 9
14369: 27.364352, 3668.654639, 11, 0, 11
14377: 24.336715, 3592.962964, 7, 0, 7
14458: 21.989398, 2902.806928, 7, 0, 7
14376: 24.429587, 3600.173603, 7, 0, 7
14542: 17.307082, 2305.911008, 8, 0, 8
14476: 21.272795, 2838.036102, 5, 0, 5
14309: 28.196705, 4251.746247, 6, 0, 6
14473: 17.901733, 2501.058932, 4, 0, 4
14349: 24.752044, 3635.249762, 9, 0, 9
14449: 19.507468, 2676.318770, 6, 0, 6
14319: 27.193779, 3830.561755, 7, 0, 7
14368: 27.794580, 3708.617710, 13, 0, 13
14488: 15.770447, 2421.392267, 4, 0, 4
14335: 24.322352, 3735.522470, 6, 0, 6
14451: 17.512092, 2655.297665, 4, 0, 4
14463: 22.520575, 2938.096127, 8, 0, 8
14511: 19.655622, 2572.418433, 7, 0, 7
14374: 25.007503, 3639.692103, 6, 0, 6
14505: 19.874043, 2643.275703, 7, 0, 7
14453: 21.276282, 3022.151707, 5, 0, 5
14583: 17.241712, 2137.960650, 6, 0, 6
14438: 23.907860, 3189.869578, 6, 0, 6
14447: 23.787200, 3063.897086, 10, 0, 10
14452: 21.464265, 3033.959065, 6, 0, 6
14487: 19.973014, 2810.091888, 7, 0, 7
14592: 15.935126, 2083.451160, 5, 0, 5
14378: 25.533473, 3618.271364, 7, 0, 7
14389: 27.600912, 3618.215214, 7, 0, 7
14426: 24.724993, 3283.218322, 6, 0, 6
14590: 18.042202, 2103.718799, 5, 0, 5
14382: 27.700718, 3628.450338, 10, 0, 10
14489: 20.637323, 2852.886286, 5, 0, 5
14536: 19.704592, 2504.539423, 6, 0, 6
14400: 25.097209, 3543.786234, 6, 0, 6
14566: 18.678465, 2333.667509, 6, 0, 6
14480: 23.010853, 2927.502704, 7, 0, 7
14454: 22.641383, 3109.337481, 6, 0, 6
14425: 25.234727, 3334.911553, 8, 0, 8
14512: 21.222997, 2674.718041, 5, 0, 5
14519: 21.242332, 2678.419077, 5, 0, 5
14429: 24.947743, 3275.459742, 7, 0, 7
14534: 20.050405, 2531.887752, 6, 0, 6
14414: 24.886167, 3499.044777, 7, 0, 7
14469: 23.285614, 2976.391764, 12, 0, 12
14508: 21.273454, 2745.502886, 5, 0, 5
14535: 20.147222, 2539.683530, 6, 0, 6
14531: 20.417644, 2543.526653, 6, 0, 6
14514: 21.389561, 2698.842977, 6, 0, 6
14579: 18.199288, 2253.127326, 7, 0, 7
14455: 24.362841, 3076.404044, 11, 0, 11
14336: 29.137874, 4227.421637, 8, 0, 8
14538: 20.544403, 2559.139681, 5, 0, 5
14440: 25.137711, 3214.718916, 9, 0, 9
14363: 29.696661, 3858.215519, 9, 0, 9
14595: 17.274139, 2150.549740, 4, 0, 4
14502: 21.765204, 2777.109832, 6, 0, 6
14498: 27.215868, 2908.088267, 8, 0, 8
14493: 23.388737, 2916.250007, 8, 0, 8
14497: 18.782499, 2512.768656, 7, 0, 7
14527: 19.835095, 2651.956463, 5, 0, 5
14584: 17.543586, 2206.376850, 7, 0, 7
14615: 16.107904, 2003.133258, 4, 0, 4
14486: 22.947552, 2938.171251, 5, 0, 5
14520: 19.902854, 2656.209318, 6, 0, 6
14396: 28.356874, 3659.666216, 10, 0, 10
14501: 21.976744, 2798.330383, 8, 0, 8
14494: 23.813641, 2937.122184, 9, 0, 9
14434: 26.085872, 3345.498038, 7, 0, 7
14441: 25.979070, 3256.058072, 16, 0, 16
14510: 22.824202, 2758.074800, 8, 0, 8
14481: 22.546684, 3011.770505, 6, 0, 6
14424: 26.712836, 3437.189237, 8, 0, 8
14518: 22.402754, 2781.808341, 6, 0, 6
14443: 26.145893, 3289.664870, 13, 0, 13
14581: 19.473443, 2347.879575, 9, 0, 9
14543: 20.592547, 2562.661298, 8, 0, 8
14515: 23.080332, 2825.201232, 7, 0, 7
14509: 23.308530, 2887.910814, 6, 0, 6
14411: 27.398883, 3656.180190, 7, 0, 7
14523: 22.131196, 2765.779742, 5, 0, 5
14528: 22.202623, 2769.797967, 5, 0, 5
14496: 25.018669, 3047.880444, 9, 0, 9
14450: 26.012321, 3297.699929, 8, 0, 8
14405: 29.352183, 3723.687113, 11, 0, 11
14478: 27.277288, 3117.861197, 10, 0, 10
14601: 19.223697, 2271.656466, 5, 0, 5
14558: 21.171273, 2550.664579, 5, 0, 5
14546: 21.476501, 2637.757714, 5, 0, 5
14573: 20.437335, 2427.317251, 6, 0, 6
14456: 27.498340, 3245.005882, 6, 0, 6
14607: 18.855589, 2188.811995, 6, 0, 6
14471: 25.620936, 3181.888160, 8, 0, 8
14526: 23.297956, 2816.288553, 6, 0, 6
14503: 24.317228, 2958.454351, 7, 0, 7
14467: 26.891533, 3273.393399, 19, 0, 19
14529: 23.358035, 2828.200406, 7, 0, 7
14578: 20.918170, 2458.916882, 5, 0, 5
14587: 20.022377, 2391.577061, 10, 0, 10
14580: 21.035411, 2466.264513, 6, 0, 6
14522: 23.450176, 2840.302169, 6, 0, 6
14586: 20.367591, 2403.307389, 5, 0, 5
14563: 21.835071, 2609.630244, 6, 0, 6
14559: 22.821729, 2612.681869, 5, 0, 5
14550: 22.306272, 2640.981580, 8, 0, 8
14564: 23.904244, 2615.448773, 6, 0, 6
14599: 20.563027, 2350.306915, 6, 0, 6
14614: 19.248992, 2239.802985, 5, 0, 5
14606: 20.251148, 2275.305741, 8, 0, 8
14548: 22.934892, 2696.999560, 6, 0, 6
14506: 25.217294, 3029.425055, 8, 0, 8
14591: 21.119765, 2458.356768, 5, 0, 5
14589: 21.238546, 2461.225012, 6, 0, 6
14549: 23.054863, 2697.656849, 7, 0, 7
14540: 23.860089, 2771.716077, 12, 0, 12
14516: 25.924956, 3015.148992, 8, 0, 8
14521: 25.237144, 2943.685249, 6, 0, 6
14504: 26.563432, 3080.900249, 9, 0, 9
14611: 20.814648, 2300.412668, 6, 0, 6
14462: 29.270084, 3395.025984, 8, 0, 8
14551: 24.171402, 2731.418393, 7, 0, 7
14541: 24.570689, 2798.782930, 7, 0, 7
14555: 24.387600, 2739.605252, 6, 0, 6
14569: 24.076170, 2699.821844, 6, 0, 6
14490: 28.257445, 3231.403168, 14, 0, 14
14560: 23.832562, 2731.636247, 6, 0, 6
14598: 21.948702, 2454.742188, 6, 0, 6
14576: 23.517838, 2607.969445, 9, 0, 9
14575: 23.757927, 2619.766893, 9, 0, 9
14562: 24.458749, 2755.007420, 8, 0, 8
14616: 21.628402, 2326.352897, 10, 0, 10
14593: 23.289977, 2565.555731, 12, 0, 12
14597: 25.073089, 2522.465909, 8, 0, 8
14532: 26.549417, 2945.898088, 8, 0, 8
14617: 21.807922, 2338.631218, 11, 0, 11
14608: 25.240839, 2406.160412, 7, 0, 7
14570: 25.157331, 2770.526545, 8, 0, 8
14600: 23.759640, 2527.057028, 9, 0, 9
14561: 25.883458, 2809.431607, 6, 0, 6
14588: 24.169899, 2611.598890, 6, 0, 6
14539: 27.504388, 2899.901303, 13, 0, 13
14557: 26.681063, 2840.911269, 8, 0, 8
14585: 24.617994, 2643.254152, 8, 0, 8
14571: 26.161015, 2841.384211, 13, 0, 13
14604: 24.993193, 2553.951422, 7, 0, 7
14603: 25.996497, 2645.161821, 6, 0, 6
14500: 30.549852, 3304.366085, 10, 0, 10
14572: 27.517119, 2908.404073, 10, 0, 10
14556: 28.662628, 2962.596710, 14, 0, 14
14567: 27.900500, 2921.355675, 9, 0, 9
14594: 28.624608, 2794.774395, 11, 0, 11
13767: 1899.511597, 85596.368461, 500, 0, 500
14236: 1903.771625, 84765.542258, 479, 0, 479
13937: 1927.204600, 86837.499680, 500, 0, 500
13765: 1977.174943, 89074.554938, 503, 0, 503
13791: 1990.495741, 89672.552166, 512, 0, 512
14230: 1985.578286, 88347.541451, 510, 0, 510
14232: 1993.783275, 88699.427884, 508, 0, 508
14401: 2063.906677, 90743.077552, 535, 0, 535
14132: 1894.271120, 93166.885105, 501, 0, 501
13949: 2095.606297, 94368.864941, 539, 0, 539
14027: 1931.741888, 95117.565257, 504, 0, 504
14475: 1919.860313, 92237.451587, 503, 0, 503
14127: 1967.445595, 96333.840461, 502, 0, 502
14596: 2157.653652, 93860.300572, 549, 0, 549
14014: 2009.962909, 98623.629804, 521, 0, 521
14517: 1981.511231, 95772.502235, 517, 0, 517
13984: 1924.929815, 100146.440921, 489, 0, 489
14141: 2029.273133, 99111.719378, 543, 0, 543
14018: 2047.409656, 100258.247028, 545, 0, 545
13891: 2054.988149, 100984.253118, 538, 0, 538
14418: 2221.495646, 97559.834594, 576, 0, 576
14040: 1909.653368, 101847.330455, 492, 0, 492
14171: 1901.782604, 101158.199861, 482, 0, 482
14225: 2261.424195, 100492.575773, 572, 0, 572
14145: 1907.999986, 101425.484213, 488, 0, 488
14144: 2091.619779, 101693.232962, 548, 0, 548
13850: 2115.690883, 103392.734237, 541, 0, 541
13859: 2119.414331, 103540.838591, 538, 0, 538
14316: 1986.432104, 101196.008650, 510, 0, 510
14444: 2110.920442, 100531.655887, 536, 0, 536
14283: 1949.590238, 102886.124612, 498, 0, 498
14169: 1956.589171, 103519.754716, 498, 0, 498
14051: 1968.284373, 104364.625186, 507, 0, 507
14058: 1971.959667, 104497.535233, 499, 0, 499
14284: 1971.685443, 103763.875796, 493, 0, 493
14355: 2024.101735, 102428.371785, 511, 0, 511
14397: 1990.122752, 103228.053352, 514, 0, 514
14150: 2005.119168, 105383.523776, 522, 0, 522
14402: 2354.853544, 102996.533521, 599, 0, 599
14602: 2355.407170, 101934.032534, 597, 0, 597
14547: 2055.524042, 102722.922109, 527, 0, 527
14190: 2089.507672, 106038.434036, 550, 0, 550
13683: 2100.411112, 107771.207721, 541, 0, 541
13941: 2432.465556, 108296.505187, 622, 0, 622
13653: 2138.005777, 109182.363340, 569, 0, 569
14200: 2126.062575, 107925.331249, 541, 0, 541
14464: 2243.006320, 105267.635306, 586, 0, 586
14360: 2119.268220, 106235.437427, 542, 0, 542
14416: 2425.206018, 105633.962543, 619, 0, 619
14161: 2091.711595, 108521.928985, 525, 0, 525
14205: 2144.874478, 108626.496097, 554, 0, 554
14605: 2134.459818, 105383.997549, 544, 0, 544
13989: 2187.771527, 110752.181318, 579, 0, 579
14618: 2488.082634, 106686.506223, 635, 0, 635
14289: 2162.790608, 110652.290658, 553, 0, 553
14533: 2156.218907, 108326.409193, 547, 0, 547
14553: 2311.403686, 108302.325269, 597, 0, 597
14075: 2244.426483, 112323.867674, 576, 0, 576
14352: 2225.698196, 109953.036329, 570, 0, 570
14577: 2181.226026, 108708.718307, 564, 0, 564
14133: 2391.808334, 112582.520783, 628, 0, 628
13645: 2303.406522, 114389.543037, 580, 0, 580
14201: 2283.709387, 113179.642715, 616, 0, 616
13979: 2263.556942, 115055.628335, 576, 0, 576
14273: 2254.735002, 113697.887854, 572, 0, 572
14081: 2327.505901, 114844.454059, 608, 0, 608
13832: 2453.645397, 115476.609798, 633, 0, 633
14366: 2322.479297, 112739.845448, 601, 0, 601
14153: 2279.162674, 114837.627419, 582, 0, 582
14047: 2287.280805, 115497.646624, 589, 0, 589
13713: 2363.813665, 116326.977136, 610, 0, 610
13684: 2366.236706, 116441.312714, 617, 0, 617
13847: 2489.406196, 116663.574592, 639, 0, 639
14499: 2372.300987, 113341.804613, 601, 0, 601
14272: 2330.230843, 115925.921404, 595, 0, 595
13801: 2700.976898, 117534.642148, 706, 0, 706
14329: 2399.144246, 115223.638339, 619, 0, 619
13893: 2523.141254, 117804.418033, 667, 0, 667
13667: 2425.994001, 118093.867697, 625, 0, 625
13802: 2369.433646, 118233.688630, 596, 0, 596
14042: 2365.405671, 117731.833651, 605, 0, 605
13810: 2383.280107, 118595.765928, 619, 0, 619
13646: 2594.344649, 118594.160730, 714, 0, 714
14305: 2726.621608, 116273.186214, 704, 0, 704
14213: 2471.607019, 118247.186733, 640, 0, 640
14459: 2580.859495, 116506.623209, 673, 0, 673
14214: 2500.560586, 119795.216297, 642, 0, 642
13660: 2564.409821, 121456.199885, 671, 0, 671
14524: 2807.177961, 117051.666732, 708, 0, 708
14341: 2491.112726, 119123.576828, 647, 0, 647
14092: 2651.190198, 121148.422867, 686, 0, 686
14403: 2654.234744, 118977.338941, 679, 0, 679
13977: 2536.332077, 122311.335722, 646, 0, 646
14076: 2626.448422, 122334.148025, 684, 0, 684
14238: 2878.359924, 121151.347678, 737, 0, 737
14004: 2638.902928, 122960.686292, 686, 0, 686
14256: 2886.116881, 121335.319318, 733, 0, 733
13732: 2905.776650, 123168.618610, 743, 0, 743
14484: 2878.683852, 119201.550540, 750, 0, 750
14431: 2556.886768, 119950.727841, 646, 0, 646
14321: 2643.182891, 120991.594974, 703, 0, 703
14012: 2676.594000, 123754.866950, 709, 0, 709
14174: 2612.244653, 123236.479966, 682, 0, 682
14124: 2757.180679, 123336.857362, 707, 0, 707
14136: 2757.216037, 123340.925532, 723, 0, 723
14412: 2941.447837, 121161.566268, 758, 0, 758
14107: 2770.411385, 124100.666001, 717, 0, 717
13750: 2970.198930, 124677.088021, 765, 0, 765
13820: 2677.610351, 125533.042284, 694, 0, 694
13885: 2809.018285, 125387.368364, 720, 0, 720
14308: 2991.975064, 123006.477446, 771, 0, 771
14448: 2736.611978, 122085.871012, 714, 0, 714
14513: 2794.215831, 121892.765535, 727, 0, 727
13829: 2862.926987, 126367.328695, 740, 0, 740
14064: 2728.669562, 126079.883606, 704, 0, 704
13940: 3059.268876, 126314.338203, 787, 0, 787
14196: 2763.114246, 126041.235746, 699, 0, 699
13877: 2903.315190, 127129.210748, 758, 0, 758
14574: 2799.531930, 123926.890494, 722, 0, 722
13780: 2855.995987, 129027.909887, 740, 0, 740
14090: 3019.971596, 128584.251464, 791, 0, 791
13784: 3208.670828, 129199.577520, 827, 0, 827
14465: 3009.158195, 125534.183957, 769, 0, 769
14609: 2831.914243, 124662.426456, 717, 0, 717
13843: 3059.324559, 129725.920922, 802, 0, 802
14351: 2887.170580, 127103.355795, 750, 0, 750
14544: 3019.941089, 125706.193456, 766, 0, 766
14275: 2917.332335, 128559.036376, 757, 0, 757
14065: 2932.431049, 129716.641572, 739, 0, 739
13906: 3095.022184, 130340.526282, 792, 0, 792
14409: 3104.251323, 127459.403741, 801, 0, 801
14244: 3302.588510, 129110.959680, 846, 0, 846
14160: 2994.950333, 130206.165447, 792, 0, 792
13793: 3344.943022, 131279.050112, 875, 0, 875
14224: 3342.637289, 129643.540252, 858, 0, 858
14181: 3047.723250, 130893.119953, 772, 0, 772
14056: 3046.586037, 131470.853102, 785, 0, 785
14530: 3038.556997, 127988.899409, 779, 0, 779
14582: 3036.337567, 127874.354267, 788, 0, 788
13708: 3135.443324, 132639.730927, 799, 0, 799
13796: 3474.369506, 132997.823108, 888, 0, 888
14482: 3458.935617, 129106.180658, 874, 0, 874
14227: 3474.033008, 131380.150663, 885, 0, 885
14470: 3283.786367, 129362.229131, 848, 0, 848
14114: 3302.013433, 132090.489474, 867, 0, 867
13874: 3313.305215, 133294.953719, 854, 0, 854
13951: 3497.097634, 133016.727810, 886, 0, 886
13739: 3510.002284, 133356.238939, 894, 0, 894
14151: 3167.292881, 132549.983214, 812, 0, 812
14002: 3221.787552, 133529.838814, 831, 0, 831
13710: 3233.540358, 133897.788732, 840, 0, 840
13899: 3351.380628, 133708.267209, 888, 0, 888
14105: 3352.508838, 133143.193246, 887, 0, 887
13753: 3571.519210, 133953.949627, 924, 0, 924
14008: 3282.955313, 134025.859698, 868, 0, 868
14353: 3256.028312, 131362.919194, 844, 0, 844
14189: 3302.460018, 133302.631539, 841, 0, 841
14552: 3380.241212, 129977.904149, 862, 0, 862
13718: 3443.985816, 134606.542414, 884, 0, 884
14250: 3642.983667, 132850.352830, 929, 0, 929
14111: 3478.067401, 134209.056245, 896, 0, 896
13756: 3685.836019, 134835.161582, 958, 0, 958
13740: 3329.983576, 135207.739768, 863, 0, 863
14295: 3335.315656, 133596.548497, 855, 0, 855
14257: 3716.689955, 133332.893163, 951, 0, 951
14199: 3396.875823, 134211.310425, 878, 0, 878
13764: 3748.903953, 135228.372196, 959, 0, 959
14158: 3373.904485, 134327.270919, 865, 0, 865
13680: 3428.293437, 135616.029367, 893, 0, 893
14406: 3541.074192, 132070.844183, 939, 0, 939
14032: 3564.399156, 134809.685104, 908, 0, 908
14460: 3545.225861, 131622.683669, 929, 0, 929
14326: 3424.902843, 133006.910892, 891, 0, 891
14525: 3747.223874, 131015.813064, 963, 0, 963
14392: 3387.118205, 132423.327381, 858, 0, 858
14610: 3411.492950, 130783.213976, 886, 0, 886
13996: 3455.551060, 135512.547555, 885, 0, 885
14006: 3486.776419, 135512.906571, 895, 0, 895
14362: 3456.386464, 132718.557608, 884, 0, 884
14037: 3490.769014, 135303.282128, 896, 0, 896
13649: 3583.029024, 136190.791174, 905, 0, 905
13644: 3592.455911, 136228.968820, 901, 0, 901
13635: 3621.252721, 136288.474929, 902, 0, 902
13838: 3757.174323, 136084.871535, 960, 0, 960
14612: 3581.754620, 131316.923836, 905, 0, 905
14537: 3547.743773, 131931.262618, 913, 0, 913
13664: 3645.285051, 136344.836664, 915, 0, 915
14177: 3622.006036, 135067.283786, 909, 0, 909
14030: 3788.792032, 135477.261513, 951, 0, 951
14398: 3596.857232, 133022.058883, 917, 0, 917
14324: 3669.577808, 133657.432374, 943, 0, 943
13697: 3708.904197, 136378.789468, 949, 0, 949
14350: 3682.234526, 133524.724428, 936, 0, 936
14613: 3678.585873, 131379.829012, 924, 0, 924
13691: 3758.513448, 136373.208416, 932, 0, 932
13775: 3778.015523, 136366.272560, 908, 0, 908
