7, 28408, 2, 21.480925, 0.000000, 0
0, 28401, 2, 25.694863, 0.041463, 0
5, 28406, 2, 25.591263, 0.000000, 0
107, 28508, 2, 19.713677, 7.006787, 0
215, 28616, 2, 21.763951, 16.977774, 0
1, 28402, 2, 19.762347, 25.971854, 0
173, 28574, 2, 22.580945, 21.805722, 0
108, 28509, 2, 19.441803, 31.200204, 0
104, 28505, 2, 19.589031, 42.915902, 0
178, 28579, 2, 20.028555, 48.218820, 0
174, 28575, 2, 25.918451, 45.972703, 0
109, 28510, 2, 24.669855, 53.595193, 0
68, 28469, 2, 21.269142, 67.084861, 0
175, 28576, 2, 19.292176, 73.055357, 0
287, 28688, 2, 26.223434, 66.652522, 0
111, 28512, 2, 22.278802, 83.908741, 0
39, 28440, 2, 27.953601, 92.684684, 0
176, 28577, 2, 26.983326, 93.113883, 0
70, 28471, 2, 24.777237, 103.761273, 0
112, 28513, 2, 28.978903, 109.752462, 0
177, 28578, 2, 17.792941, 122.038014, 0
71, 28472, 2, 25.434222, 130.546924, 0
114, 28515, 2, 24.256268, 146.275821, 0
180, 28581, 2, 24.056541, 148.100058, 0
72, 28473, 2, 26.297592, 157.065549, 0
116, 28517, 2, 20.280577, 177.979816, 0
181, 28582, 2, 22.780832, 173.199128, 0
73, 28474, 2, 19.104647, 184.190239, 0
74, 28475, 2, 19.627450, 203.568406, 0
106, 28507, 2, 22.298609, 199.954156, 0
182, 28583, 2, 22.284327, 197.368607, 0
75, 28476, 2, 22.844462, 225.056806, 0
117, 28518, 2, 24.042877, 225.886823, 0
183, 28584, 2, 24.927729, 223.070335, 0
118, 28519, 2, 17.005046, 253.371997, 0
76, 28477, 2, 25.734378, 249.629164, 0
276, 28677, 2, 27.789388, 245.129269, 0
184, 28585, 2, 24.658579, 250.912763, 0
119, 28520, 2, 24.533227, 273.421663, 0
77, 28478, 2, 26.358933, 276.871121, 0
277, 28678, 2, 23.326679, 273.653628, 0
185, 28586, 2, 22.637361, 277.053529, 0
120, 28521, 2, 20.419945, 301.475639, 0
187, 28588, 2, 19.500733, 304.030706, 0
278, 28679, 2, 23.064870, 297.788859, 0
78, 28479, 2, 23.581528, 303.519342, 0
188, 28589, 2, 16.106379, 323.612817, 0
121, 28522, 2, 26.087774, 324.211271, 0
279, 28680, 2, 22.084997, 323.249971, 0
79, 28480, 2, 20.133435, 331.420367, 0
189, 28590, 2, 24.035307, 343.532813, 0
281, 28682, 2, 19.067745, 345.669349, 0
80, 28481, 2, 22.119356, 352.939192, 0
122, 28523, 2, 26.854017, 350.909174, 0
282, 28683, 2, 21.111104, 367.722111, 0
190, 28591, 2, 25.118257, 370.296167, 0
81, 28482, 2, 22.299331, 377.206141, 0
123, 28524, 2, 19.964315, 378.275145, 0
191, 28592, 2, 19.146780, 396.336169, 0
280, 28681, 2, 23.450278, 389.919955, 1
82, 28483, 2, 22.779356, 400.485408, 0
124, 28525, 2, 25.676137, 400.049348, 0
283, 28684, 2, 20.180304, 416.948475, 0
83, 28484, 2, 23.383131, 424.186269, 0
125, 28526, 2, 19.720859, 426.549160, 0
193, 28594, 2, 24.288225, 419.632429, 0
126, 28527, 2, 18.917543, 447.166386, 0
284, 28685, 2, 21.098366, 439.986633, 0
84, 28485, 2, 22.940633, 448.151583, 0
195, 28596, 2, 19.794893, 451.592643, 0
127, 28528, 2, 22.700387, 467.440365, 0
196, 28597, 2, 18.919522, 472.606180, 1
285, 28686, 2, 28.642852, 464.410770, 0
85, 28486, 2, 25.778116, 473.541544, 0
197, 28598, 2, 18.849226, 492.862402, 0
128, 28529, 2, 25.440905, 492.243627, 1
86, 28487, 2, 21.409279, 501.690479, 2
87, 28488, 2, 23.668973, 503.252392, 0
198, 28599, 2, 20.795398, 514.839521, 0
129, 28530, 2, 26.307172, 519.259294, 0
249, 28650, 2, 21.482728, 520.307135, 0
88, 28489, 2, 16.625133, 542.929280, 0
199, 28600, 2, 22.254950, 537.130990, 0
250, 28651, 2, 17.720491, 544.460679, 0
286, 28687, 2, 19.991556, 545.057851, 0
89, 28490, 2, 20.646672, 562.762805, 0
251, 28652, 2, 20.169726, 565.671838, 0
105, 28506, 2, 22.015698, 572.379032, 0
200, 28601, 2, 28.190811, 563.034122, 0
91, 28492, 2, 23.944438, 586.870940, 0
252, 28653, 2, 19.717892, 586.042098, 0
288, 28689, 2, 20.023984, 592.538223, 0
201, 28602, 2, 23.254810, 591.875805, 0
92, 28493, 2, 23.136844, 611.620001, 0
253, 28654, 2, 25.077171, 608.517035, 0
202, 28603, 2, 16.323349, 618.772439, 0
131, 28532, 2, 20.970583, 620.659496, 0
203, 28604, 2, 16.783640, 638.310157, 0
93, 28494, 2, 27.205968, 635.786014, 0
289, 28690, 2, 19.600679, 637.216782, 0
254, 28655, 2, 25.279192, 636.481716, 0
94, 28495, 2, 15.419996, 663.320499, 0
204, 28605, 2, 19.900508, 659.149148, 0
132, 28533, 2, 17.540474, 663.987500, 0
255, 28656, 2, 22.440395, 664.224815, 0
95, 28496, 2, 21.235603, 681.899518, 0
290, 28691, 2, 26.748226, 678.144217, 0
205, 28606, 2, 26.892308, 680.529389, 0
256, 28657, 2, 22.071944, 687.442718, 0
96, 28497, 2, 19.564410, 703.330836, 0
206, 28607, 2, 22.302924, 709.398646, 0
292, 28693, 2, 15.901971, 712.734156, 0
259, 28660, 2, 18.876524, 722.581021, 0
97, 28498, 2, 26.939536, 724.133967, 0
135, 28536, 2, 21.145048, 737.188742, 0
207, 28608, 2, 21.662142, 734.197769, 0
260, 28661, 2, 19.423827, 742.114203, 0
98, 28499, 2, 22.956793, 751.684815, 0
293, 28694, 2, 18.811436, 753.745613, 0
208, 28609, 2, 25.666115, 757.706474, 0
261, 28662, 2, 21.069430, 764.796795, 0
134, 28535, 2, 14.950923, 778.734890, 1
99, 28500, 2, 22.180205, 776.938333, 0
209, 28610, 2, 22.425929, 784.431036, 0
262, 28663, 2, 22.374886, 787.426646, 0
294, 28695, 2, 19.602546, 793.153631, 0
40, 28441, 2, 19.345994, 805.189830, 0
211, 28612, 2, 23.782252, 815.235851, 0
67, 28468, 2, 24.139794, 823.325397, 0
55, 28456, 2, 24.854775, 827.168274, 0
43, 28444, 2, 23.915941, 836.921260, 0
212, 28613, 2, 18.652478, 840.190356, 0
103, 28504, 2, 23.579994, 850.821987, 0
57, 28458, 2, 23.552207, 860.425968, 0
44, 28445, 2, 28.559666, 864.314356, 0
213, 28614, 2, 34.585718, 860.800369, 0
38, 28439, 2, 24.655205, 884.582333, 1
59, 28460, 2, 27.202427, 888.731276, 0
45, 28446, 2, 22.596538, 893.728275, 0
214, 28615, 2, 19.662220, 899.260989, 0
6, 28407, 2, 20.062242, 917.630800, 0
46, 28447, 2, 22.728074, 918.793044, 0
60, 28461, 2, 19.918604, 921.306081, 0
216, 28617, 2, 24.146287, 922.874431, 0
47, 28448, 2, 18.502806, 942.756714, 0
61, 28462, 2, 16.000837, 947.749696, 0
165, 28566, 2, 19.237304, 949.506568, 0
48, 28449, 2, 21.229116, 963.668305, 0
309, 28712, 2, 20.514621, 24.231969, 0
63, 28464, 2, 18.486572, 977.813113, 0
166, 28567, 2, 25.733270, 970.798906, 0
49, 28450, 2, 24.190356, 988.098188, 0
64, 28465, 2, 21.226983, 998.277351, 0
310, 28713, 2, 27.529089, 47.873020, 0
167, 28568, 2, 30.146267, 998.485971, 0
50, 28451, 2, 28.155591, 1016.208214, 0
65, 28466, 2, 24.123827, 1023.704457, 0
168, 28569, 2, 23.319891, 1028.811367, 0
312, 28715, 2, 27.984053, 83.719005, 0
51, 28452, 2, 21.428837, 1046.749087, 0
66, 28467, 2, 28.319651, 1051.195190, 0
313, 28716, 2, 25.428200, 113.907089, 0
169, 28570, 2, 27.639604, 1056.604148, 0
52, 28453, 2, 23.063456, 1069.171028, 0
100, 28501, 2, 27.098898, 1079.932572, 0
170, 28571, 2, 20.852717, 1087.622541, 0
314, 28717, 2, 23.548313, 140.029006, 0
53, 28454, 2, 24.758400, 1095.419144, 0
101, 28502, 2, 26.430992, 1108.444837, 0
315, 28718, 2, 19.672282, 167.879732, 0
171, 28572, 2, 27.108764, 1109.552573, 0
54, 28455, 2, 22.733480, 1122.035450, 0
102, 28503, 2, 23.219486, 1135.334765, 0
316, 28719, 2, 20.454578, 190.697207, 0
172, 28573, 2, 23.544184, 1136.776452, 0
358, 28761, 2, 23.649127, 202.604325, 0
263, 28664, 2, 23.935577, 1153.912517, 0
317, 28720, 2, 25.513266, 213.968737, 0
320, 28723, 2, 18.024023, 221.339106, 0
352, 28755, 2, 24.623770, 229.423698, 0
367, 28770, 2, 19.545353, 238.120203, 0
321, 28724, 2, 20.714444, 242.328400, 0
218, 28619, 2, 24.588661, 1182.209328, 0
342, 28745, 2, 21.668793, 256.676452, 0
373, 28776, 2, 22.027622, 259.416114, 0
323, 28726, 2, 15.804190, 271.070270, 0
318, 28721, 2, 24.473958, 266.750231, 0
351, 28754, 2, 20.371288, 278.689109, 0
324, 28727, 2, 20.295731, 291.107163, 0
264, 28665, 2, 22.677902, 1234.924295, 0
364, 28767, 2, 22.623318, 291.887522, 0
344, 28747, 2, 22.338906, 300.219079, 0
325, 28728, 2, 19.600773, 315.438066, 0
370, 28773, 2, 20.586339, 317.450579, 0
219, 28620, 2, 27.624742, 1263.345982, 0
333, 28736, 2, 22.969049, 331.738002, 0
326, 28729, 2, 20.350690, 338.893709, 0
369, 28772, 2, 24.086257, 341.604377, 0
319, 28722, 2, 15.582455, 355.717360, 0
339, 28742, 2, 27.050226, 355.506472, 0
327, 28730, 2, 24.030187, 362.754145, 0
366, 28769, 2, 19.023832, 366.646894, 0
265, 28666, 2, 20.373888, 1317.490854, 0
345, 28748, 2, 18.940773, 383.747265, 0
328, 28731, 2, 16.532120, 390.298630, 0
376, 28779, 2, 27.941162, 389.440685, 0
220, 28621, 2, 22.933134, 1339.848937, 0
346, 28749, 2, 19.836826, 406.357549, 0
329, 28732, 2, 20.922995, 410.226870, 0
266, 28667, 2, 20.716887, 1364.761544, 0
372, 28775, 2, 24.021018, 421.587959, 0
335, 28738, 2, 20.294631, 430.982600, 0
330, 28733, 2, 24.870263, 433.858578, 0
375, 28778, 2, 17.255590, 448.678000, 0
221, 28622, 2, 21.055164, 1390.217495, 0
341, 28744, 2, 19.941198, 454.847245, 0
331, 28734, 2, 22.253988, 460.819801, 0
365, 28768, 2, 25.219584, 468.436849, 0
267, 28668, 2, 24.820625, 1412.436340, 0
347, 28750, 2, 19.263630, 474.931848, 0
332, 28735, 2, 22.812927, 484.546152, 0
222, 28623, 2, 21.906094, 1441.007790, 0
374, 28777, 2, 22.994996, 494.693804, 0
353, 28756, 2, 24.195847, 498.231748, 1
405, 28808, 2, 22.664751, 505.732944, 0
355, 28758, 2, 22.986458, 510.385057, 1
368, 28771, 2, 25.751292, 519.965404, 0
356, 28759, 2, 19.331916, 526.701261, 0
403, 28806, 2, 23.390144, 529.520313, 0
223, 28624, 2, 21.846945, 1485.263671, 0
362, 28765, 2, 18.364764, 547.608328, 0
404, 28807, 2, 26.965717, 553.909166, 0
431, 28834, 2, 19.838212, 16.022753, 0
224, 28625, 2, 17.257291, 1513.647816, 0
338, 28741, 2, 19.187441, 575.694344, 0
432, 28835, 2, 15.578631, 39.799116, 0
400, 28803, 2, 22.098135, 583.421732, 0
268, 28669, 2, 25.680674, 1532.454002, 1
334, 28737, 2, 19.810612, 598.713341, 0
433, 28836, 2, 15.811402, 59.480459, 0
398, 28801, 2, 28.833477, 607.729406, 0
340, 28743, 2, 20.519071, 621.801444, 0
434, 28837, 2, 19.836647, 79.501871, 0
225, 28626, 2, 28.910739, 1566.005877, 0
395, 28798, 2, 22.792289, 638.082228, 0
343, 28746, 2, 25.097089, 645.698848, 0
435, 28838, 2, 20.885173, 102.908457, 0
271, 28672, 2, 25.444605, 1595.689337, 0
401, 28804, 2, 21.635782, 663.313183, 0
436, 28839, 2, 20.691090, 127.021765, 0
349, 28752, 2, 25.131969, 673.141293, 0
295, 28696, 2, 26.207790, 1622.213040, 0
394, 28797, 2, 19.157678, 685.656341, 0
354, 28757, 2, 21.339534, 701.069195, 0
439, 28842, 2, 28.444303, 155.240212, 0
402, 28805, 2, 25.946399, 707.060736, 0
226, 28627, 2, 26.426723, 1652.508694, 0
359, 28762, 2, 24.362051, 725.607531, 0
272, 28673, 2, 19.771099, 1681.476944, 0
428, 28831, 2, 29.545600, 186.162461, 0
396, 28799, 2, 25.970771, 734.913994, 0
360, 28763, 2, 25.435642, 752.408405, 0
438, 28841, 2, 17.374717, 218.336312, 1
399, 28802, 2, 20.467717, 764.430360, 0
296, 28697, 2, 29.088907, 1703.311263, 0
361, 28764, 2, 22.541240, 779.582484, 0
397, 28800, 2, 21.640620, 787.702406, 0
440, 28843, 2, 28.881994, 238.769217, 0
273, 28674, 2, 28.237357, 1737.353179, 0
406, 28809, 2, 18.222455, 810.107790, 0
348, 28751, 2, 26.825329, 803.293851, 0
441, 28844, 2, 18.091073, 269.099523, 0
297, 28698, 2, 30.110230, 1766.740796, 0
8, 28409, 2, 21.674778, 1784.359808, 0
408, 28811, 2, 28.990842, 836.256301, 0
443, 28846, 2, 27.975522, 291.051322, 0
228, 28629, 2, 18.854685, 1799.944525, 0
10, 28411, 2, 25.226498, 1808.232770, 0
444, 28847, 2, 24.089162, 322.911236, 0
409, 28812, 2, 27.418596, 865.392529, 0
274, 28675, 2, 23.760769, 1821.307283, 0
13, 28414, 2, 19.694069, 1841.802540, 0
445, 28848, 2, 19.891911, 347.116982, 0
411, 28814, 2, 27.913163, 896.200985, 0
229, 28630, 2, 19.819662, 1854.529444, 0
14, 28415, 2, 25.855661, 1863.416596, 0
447, 28850, 2, 15.822620, 375.056434, 0
412, 28815, 2, 18.536487, 925.737393, 0
275, 28676, 2, 20.811906, 1876.418703, 0
15, 28416, 2, 23.023645, 1890.733647, 0
448, 28851, 2, 19.941361, 399.033538, 1
414, 28817, 2, 23.826516, 952.310137, 0
16, 28417, 2, 25.013793, 1916.437639, 0
230, 28631, 2, 28.109931, 1906.820983, 0
451, 28854, 2, 24.043641, 422.952487, 0
415, 28818, 2, 29.295160, 978.893661, 0
300, 28701, 2, 21.508446, 1935.092638, 0
17, 28418, 2, 23.133172, 1942.979505, 0
452, 28855, 2, 24.919335, 449.842134, 0
231, 28632, 2, 17.988637, 1960.740324, 0
18, 28419, 2, 17.067033, 1968.532419, 0
416, 28819, 2, 23.990925, 1015.963247, 0
427, 28830, 2, 20.708455, 478.907153, 0
19, 28420, 2, 27.256070, 1989.887052, 0
417, 28820, 2, 25.183747, 1042.849571, 0
453, 28856, 2, 20.799741, 502.055222, 0
233, 28634, 2, 28.759444, 1990.452119, 0
20, 28421, 2, 23.859959, 2018.772255, 0
418, 28821, 2, 31.425942, 1069.254703, 0
454, 28857, 2, 30.790997, 527.854464, 0
303, 28704, 2, 28.751135, 2019.870750, 0
21, 28422, 2, 29.629672, 2044.486297, 0
419, 28822, 2, 23.555020, 1101.027775, 0
455, 28858, 2, 23.253444, 560.173404, 0
234, 28635, 2, 26.179720, 2052.394920, 0
22, 28423, 2, 17.896521, 2075.723283, 0
420, 28823, 2, 19.767034, 1124.684566, 0
456, 28859, 2, 26.289438, 584.331350, 0
304, 28705, 2, 25.585299, 2078.526631, 0
23, 28424, 2, 23.854692, 2097.219491, 0
421, 28824, 2, 26.634088, 1145.399372, 0
457, 28860, 2, 27.850286, 610.743484, 0
235, 28636, 2, 22.468394, 2107.708637, 0
24, 28425, 2, 26.415168, 2122.597887, 0
385, 28788, 2, 22.252035, 1174.764169, 0
458, 28861, 2, 19.201579, 639.471249, 0
305, 28706, 2, 24.453028, 2131.568538, 0
25, 28426, 2, 27.466427, 2149.991306, 0
384, 28787, 2, 24.614827, 1200.382002, 0
459, 28862, 2, 21.365012, 661.197649, 0
236, 28637, 2, 25.361924, 2160.889974, 0
27, 28428, 2, 17.457083, 2179.614481, 0
460, 28863, 2, 19.574331, 682.955663, 0
387, 28790, 2, 27.374348, 1226.050680, 0
461, 28864, 2, 20.255443, 702.667994, 0
379, 28782, 2, 28.836382, 1244.837477, 0
29, 28430, 2, 23.449641, 2205.402161, 0
386, 28789, 2, 22.762539, 1254.217628, 0
462, 28865, 2, 18.236343, 724.404910, 0
382, 28785, 2, 23.126070, 1274.032055, 0
389, 28792, 2, 24.315162, 1280.589525, 0
31, 28432, 2, 25.161308, 2237.247389, 0
463, 28866, 2, 21.993317, 744.884737, 0
380, 28783, 2, 27.395240, 1298.309622, 0
390, 28793, 2, 18.546517, 1306.755973, 0
32, 28433, 2, 17.387908, 2263.397058, 0
426, 28829, 2, 20.622928, 770.884817, 0
391, 28794, 2, 17.791098, 1327.018966, 0
378, 28781, 2, 20.883715, 1328.351105, 0
33, 28434, 2, 20.284057, 2284.593921, 0
425, 28828, 2, 20.091553, 803.568457, 0
34, 28435, 2, 17.805970, 2307.272986, 0
393, 28796, 2, 24.772122, 1348.374865, 0
377, 28780, 2, 21.835789, 1351.860958, 0
37, 28438, 2, 24.242340, 2328.520119, 0
381, 28784, 2, 23.959059, 1377.363140, 0
383, 28786, 2, 26.615900, 1374.908338, 0
544, 28947, 2, 27.991079, 39.285811, 0
306, 28707, 2, 17.758035, 2346.547620, 0
36, 28437, 2, 19.223128, 2353.680301, 1
392, 28795, 2, 20.785422, 1404.013448, 0
604, 29007, 2, 23.542773, 73.722869, 0
237, 28638, 2, 17.875291, 2368.235667, 0
539, 28942, 2, 20.593285, 875.800491, 0
388, 28791, 2, 24.503914, 1428.437429, 0
616, 29019, 2, 24.225742, 97.475156, 0
527, 28930, 2, 20.059731, 897.209696, 0
239, 28640, 2, 15.236395, 2399.029138, 0
137, 28538, 2, 22.063037, 2405.663770, 0
610, 29013, 2, 22.163115, 122.831216, 0
530, 28933, 2, 24.436129, 920.237503, 0
240, 28641, 2, 22.222793, 2420.309947, 0
138, 28539, 2, 25.456159, 2428.270874, 1
537, 28940, 2, 23.068458, 944.761787, 1
241, 28642, 2, 18.740160, 2443.152142, 1
607, 29010, 2, 23.662787, 153.688468, 1
139, 28540, 2, 22.165862, 2453.689768, 1
243, 28644, 2, 20.367977, 2453.858826, 1
525, 28928, 2, 24.694249, 956.792266, 1
140, 28541, 2, 16.539169, 2457.298707, 1
589, 28992, 2, 26.413137, 162.092780, 1
538, 28941, 2, 26.664713, 960.118131, 1
141, 28542, 2, 26.273047, 2499.970514, 0
579, 28982, 2, 21.525546, 212.447913, 0
534, 28937, 2, 25.847926, 1002.813123, 0
142, 28543, 2, 16.694204, 2528.611968, 0
526, 28929, 2, 20.082400, 1032.603051, 0
588, 28991, 2, 20.588507, 237.388809, 0
244, 28645, 2, 28.418815, 2521.892748, 0
143, 28544, 2, 20.413893, 2549.051401, 0
603, 29006, 2, 17.254662, 260.372493, 0
242, 28643, 2, 18.998113, 2555.085725, 1
520, 28923, 2, 27.531345, 1057.111582, 0
613, 29016, 2, 20.970641, 279.994950, 0
144, 28545, 2, 22.300277, 2570.898530, 0
517, 28920, 2, 19.749013, 1085.159094, 0
245, 28646, 2, 26.598812, 2576.236756, 0
145, 28546, 2, 20.450376, 2596.839645, 0
615, 29018, 2, 27.595500, 301.876894, 0
246, 28647, 2, 22.027427, 2604.463005, 0
523, 28926, 2, 27.357484, 1109.227307, 0
147, 28548, 2, 19.872854, 2621.632585, 0
581, 28984, 2, 22.516116, 331.582281, 0
248, 28649, 2, 24.505426, 2633.781306, 0
541, 28944, 2, 24.588872, 1139.901095, 0
148, 28549, 2, 24.140917, 2645.318830, 0
594, 28997, 2, 29.839829, 355.677998, 0
532, 28935, 2, 17.092129, 1167.556708, 0
149, 28550, 2, 19.356624, 2670.664717, 0
568, 28971, 2, 28.603318, 386.646667, 0
540, 28943, 2, 28.586469, 1196.253298, 0
150, 28551, 2, 30.848214, 2690.478887, 0
570, 28973, 2, 30.264961, 416.475343, 0
151, 28552, 2, 23.099939, 2722.566248, 0
513, 28916, 2, 27.714641, 1225.981920, 0
576, 28979, 2, 22.486142, 447.575942, 0
152, 28553, 2, 21.467255, 2748.546469, 0
515, 28918, 2, 24.336857, 1256.425819, 0
582, 28985, 2, 27.061822, 471.165390, 0
518, 28921, 2, 23.728602, 1285.080181, 0
154, 28555, 2, 27.578122, 2777.390839, 0
583, 28986, 2, 27.185565, 498.679937, 0
536, 28939, 2, 23.283871, 1309.356160, 0
155, 28556, 2, 24.146875, 2808.731886, 0
552, 28955, 2, 19.155670, 528.223729, 0
157, 28558, 2, 19.723337, 2837.385618, 0
529, 28932, 2, 26.625306, 1334.037010, 0
484, 28887, 2, 18.822432, 1347.388324, 0
554, 28957, 2, 22.727505, 552.612617, 0
158, 28559, 2, 24.471696, 2860.337288, 0
533, 28936, 2, 28.198086, 1364.607563, 0
560, 28963, 2, 27.383814, 579.203055, 0
159, 28560, 2, 21.541759, 2887.627181, 0
535, 28938, 2, 26.845484, 1393.346942, 0
563, 28966, 2, 26.339012, 608.186693, 0
160, 28561, 2, 29.856013, 2910.971257, 0
564, 28967, 2, 21.510323, 636.923062, 0
528, 28931, 2, 29.289545, 1423.073908, 0
514, 28917, 2, 22.543312, 1454.392996, 0
572, 28975, 2, 26.983666, 659.706981, 0
163, 28564, 2, 28.497680, 2948.585004, 0
308, 28711, 2, 20.180821, 2023.362492, 0
521, 28924, 2, 21.076609, 1480.064956, 0
164, 28565, 2, 18.267303, 2978.562602, 0
574, 28977, 2, 26.432658, 687.963392, 0
422, 28825, 2, 17.932390, 2050.009426, 0
531, 28934, 2, 26.020723, 1502.453052, 0
592, 28995, 2, 18.083924, 715.659110, 0
512, 28915, 2, 24.357734, 1524.987539, 0
423, 28826, 2, 28.349421, 2071.449200, 0
519, 28922, 2, 22.237594, 1530.449289, 0
593, 28996, 2, 24.149444, 737.897085, 0
464, 28867, 2, 20.320598, 1558.158559, 0
424, 28827, 2, 28.155123, 2100.083700, 0
547, 28950, 2, 21.025439, 770.469184, 0
465, 28868, 2, 27.501233, 1579.180893, 0
489, 28892, 2, 20.401893, 1589.709045, 0
548, 28951, 2, 20.894065, 794.556346, 0
618, 29021, 2, 19.993235, 796.857540, 0
501, 28904, 2, 22.329565, 1609.900455, 0
466, 28869, 2, 25.433545, 1607.942131, 0
551, 28954, 2, 23.268682, 816.147604, 0
504, 28907, 2, 20.032918, 1633.159341, 0
556, 28959, 2, 23.019897, 840.081128, 0
619, 29022, 2, 27.392167, 837.647588, 0
468, 28871, 2, 28.190623, 1638.339031, 0
506, 28909, 2, 25.416779, 1656.185244, 0
620, 29023, 2, 22.599651, 866.389221, 0
561, 28964, 2, 27.685912, 866.848824, 0
469, 28872, 2, 24.593729, 1669.700520, 0
495, 28898, 2, 17.270333, 1684.182329, 0
621, 29024, 2, 21.746474, 891.330569, 0
565, 28968, 2, 19.310094, 895.436148, 0
480, 28883, 2, 26.320389, 1695.630991, 0
486, 28889, 2, 20.190233, 1705.850008, 0
577, 28980, 2, 25.979252, 917.720197, 0
622, 29025, 2, 28.725226, 916.409982, 0
474, 28877, 2, 24.521518, 1726.072689, 0
492, 28895, 2, 28.868868, 1729.465204, 0
580, 28983, 2, 26.262801, 944.322062, 0
473, 28876, 2, 28.999062, 1753.111820, 0
491, 28894, 2, 27.509167, 1766.187466, 0
623, 29026, 2, 24.250500, 976.869611, 0
586, 28989, 2, 29.376576, 972.902935, 0
479, 28882, 2, 21.405758, 1784.911087, 0
591, 28994, 2, 18.269007, 1003.386217, 0
488, 28891, 2, 27.638092, 1802.152391, 0
624, 29027, 2, 27.657894, 1013.580954, 0
475, 28878, 2, 29.735185, 1808.447715, 0
596, 28999, 2, 26.071614, 1023.483294, 0
498, 28901, 2, 24.428588, 1833.022870, 0
477, 28880, 2, 20.405023, 1841.647440, 0
597, 29000, 2, 23.627814, 1050.383131, 0
627, 29030, 2, 24.546574, 1048.640439, 0
500, 28903, 2, 20.269972, 1861.170139, 0
598, 29001, 2, 18.609927, 1074.919586, 0
478, 28881, 2, 26.450225, 1863.584476, 0
626, 29029, 2, 22.560737, 1074.161974, 1
508, 28911, 2, 18.253156, 1882.753091, 0
602, 29005, 2, 26.847444, 1094.863065, 0
628, 29031, 2, 20.638860, 1100.270556, 0
472, 28875, 2, 26.938472, 1892.130203, 0
511, 28914, 2, 18.505921, 1902.650804, 0
550, 28953, 2, 15.973512, 1127.437456, 0
471, 28874, 2, 23.233203, 1919.462093, 0
629, 29032, 2, 22.697158, 1121.789016, 0
494, 28897, 2, 19.447398, 1930.131924, 0
585, 28988, 2, 20.271176, 1145.569421, 0
476, 28879, 2, 22.866771, 1943.522095, 0
497, 28900, 2, 19.318070, 1950.069890, 0
630, 29033, 2, 23.989588, 1148.482043, 0
559, 28962, 2, 18.722359, 1167.892498, 0
483, 28886, 2, 19.708005, 1978.323876, 0
632, 29035, 2, 23.783781, 1177.185299, 0
499, 28902, 2, 24.153592, 1977.301547, 0
605, 29008, 2, 17.882204, 1187.605209, 0
470, 28873, 2, 27.326634, 1999.321722, 0
487, 28890, 2, 22.957209, 2003.156421, 0
633, 29036, 2, 23.587055, 1205.229404, 0
562, 28965, 2, 28.264553, 1210.504326, 1
496, 28899, 2, 18.735134, 2027.049918, 0
571, 28974, 2, 19.056911, 1239.213568, 1
635, 29038, 2, 20.522287, 1240.391777, 0
503, 28906, 2, 17.560561, 2047.535113, 0
549, 28952, 2, 18.611194, 1260.416127, 1
3, 28404, 2, 28.214082, 3553.725095, 0
490, 28893, 2, 18.847544, 2067.626152, 0
637, 29040, 2, 25.761111, 1266.487798, 0
600, 29003, 2, 25.833466, 1280.429630, 1
4, 28405, 2, 23.286459, 3582.396610, 0
510, 28913, 2, 25.255808, 2088.423585, 0
639, 29042, 2, 20.174793, 1296.271916, 0
614, 29017, 2, 21.639520, 1307.533380, 1
640, 29043, 2, 20.636509, 1319.765661, 0
612, 29015, 2, 24.072785, 1333.212547, 1
642, 29045, 2, 19.853752, 1348.381463, 0
9, 28410, 2, 16.083901, 3649.573739, 0
567, 28970, 2, 17.079449, 1361.601759, 1
601, 29004, 2, 22.084631, 1387.720893, 1
609, 29012, 2, 24.137910, 1413.046745, 1
569, 28972, 2, 20.311337, 1442.357041, 1
575, 28978, 2, 28.485622, 1438.216080, 1
553, 28956, 2, 29.622736, 1441.728445, 1
555, 28958, 2, 27.448601, 1463.620146, 1
590, 28993, 2, 20.871797, 1469.089183, 1
573, 28976, 2, 23.659029, 1471.038588, 1
587, 28990, 2, 18.539570, 1491.651124, 1
557, 28960, 2, 19.043314, 1492.077134, 1
608, 29011, 2, 22.965255, 1510.727892, 1
566, 28969, 2, 20.894548, 1513.600253, 1
829, 29232, 2, 15.752541, 18.014242, 0
599, 29002, 2, 22.285554, 1535.482029, 1
833, 29236, 2, 12.624436, 37.433912, 0
617, 29020, 2, 22.647010, 1558.753961, 1
852, 29255, 2, 15.856866, 49.469584, 0
845, 29248, 2, 24.766236, 56.509536, 0
853, 29256, 2, 23.292215, 61.851379, 0
854, 29257, 2, 19.126316, 86.328452, 0
645, 29048, 2, 23.656648, 100.668721, 0
839, 29242, 2, 25.294878, 84.578229, 0
824, 29227, 2, 18.737287, 111.484958, 0
646, 29049, 2, 27.894515, 127.998638, 0
855, 29258, 2, 27.868121, 113.181850, 0
830, 29233, 2, 22.777642, 131.054241, 0
647, 29050, 2, 15.486042, 156.363798, 0
856, 29259, 2, 23.750506, 141.673048, 0
836, 29239, 2, 19.494109, 154.127655, 0
648, 29051, 2, 20.227335, 175.850978, 0
857, 29260, 2, 27.922734, 173.016473, 0
808, 29211, 2, 29.465720, 176.896521, 0
649, 29052, 2, 27.982251, 199.920826, 0
818, 29221, 2, 19.922410, 202.628881, 0
810, 29213, 2, 21.069035, 207.508719, 0
651, 29054, 2, 24.400064, 231.722736, 0
835, 29238, 2, 25.773378, 224.232472, 0
652, 29055, 2, 16.377270, 259.742194, 0
799, 29202, 2, 28.499710, 234.687683, 0
817, 29220, 2, 20.942666, 253.543216, 0
653, 29056, 2, 24.169766, 279.446919, 0
805, 29208, 2, 27.355816, 263.514494, 0
832, 29235, 2, 21.720184, 276.013601, 0
812, 29215, 2, 19.652793, 294.777091, 0
654, 29057, 2, 25.326575, 306.441342, 0
793, 29196, 2, 20.444225, 303.356106, 0
842, 29245, 2, 20.689476, 301.628873, 0
781, 29184, 2, 17.575329, 317.687493, 0
655, 29058, 2, 25.551687, 334.226480, 0
802, 29205, 2, 18.100700, 328.606896, 0
844, 29247, 2, 23.158715, 326.404846, 0
783, 29186, 2, 21.114687, 338.566929, 0
656, 29059, 2, 21.986191, 362.030147, 0
803, 29206, 2, 22.635100, 348.079233, 0
784, 29187, 2, 18.316494, 360.811467, 0
813, 29216, 2, 23.416629, 362.815306, 0
658, 29061, 2, 19.862821, 387.673874, 0
807, 29210, 2, 19.809203, 374.634111, 0
786, 29189, 2, 20.262010, 383.238239, 0
816, 29219, 2, 24.538407, 389.778471, 0
659, 29062, 2, 22.790020, 408.783517, 0
796, 29199, 2, 19.801441, 403.406226, 0
789, 29192, 2, 22.844983, 406.606635, 0
660, 29063, 2, 25.048564, 434.663844, 0
798, 29201, 2, 16.696084, 426.332748, 0
822, 29225, 2, 22.495370, 428.500854, 0
792, 29195, 2, 20.892194, 430.384920, 0
804, 29207, 2, 16.661506, 445.953754, 0
661, 29064, 2, 22.581779, 461.698308, 0
828, 29231, 2, 21.444999, 452.460138, 0
782, 29185, 2, 25.144050, 454.096296, 0
809, 29212, 2, 23.145605, 467.328875, 0
662, 29065, 2, 21.509065, 485.872416, 0
837, 29240, 2, 27.408312, 474.149128, 0
778, 29181, 2, 29.834239, 482.149946, 0
795, 29198, 2, 20.033055, 491.449877, 1
663, 29066, 2, 23.802227, 511.452775, 0
838, 29241, 2, 19.545699, 501.929385, 0
806, 29209, 2, 24.828315, 513.640973, 1
791, 29194, 2, 29.454825, 513.533724, 0
664, 29067, 2, 21.434096, 537.913960, 0
741, 29144, 2, 18.209569, 558.562201, 0
841, 29244, 2, 23.916569, 541.480577, 0
666, 29069, 2, 19.976431, 567.209896, 0
742, 29145, 2, 25.879805, 578.957018, 0
843, 29246, 2, 26.267153, 567.181398, 0
667, 29070, 2, 28.911595, 590.236233, 0
743, 29146, 2, 27.491531, 605.866030, 0
815, 29218, 2, 25.424027, 597.257126, 0
668, 29071, 2, 26.042201, 621.125450, 0
744, 29147, 2, 24.776456, 635.992161, 0
669, 29072, 2, 26.369263, 648.705196, 0
820, 29223, 2, 29.713492, 636.818640, 0
745, 29148, 2, 24.589101, 664.600549, 0
670, 29073, 2, 21.971847, 677.208746, 1
825, 29228, 2, 18.916667, 666.986876, 0
746, 29149, 2, 22.586591, 690.048927, 2
747, 29150, 2, 19.989717, 700.631828, 0
826, 29229, 2, 17.179960, 688.704746, 1
671, 29074, 2, 27.814223, 699.215368, 0
827, 29230, 2, 19.731979, 702.083421, 0
748, 29151, 2, 19.638543, 720.898672, 0
672, 29075, 2, 18.896857, 728.590003, 0
859, 29262, 2, 15.974671, 713.349083, 0
831, 29234, 2, 15.838344, 725.933234, 0
749, 29152, 2, 23.183368, 741.491828, 0
673, 29076, 2, 20.639733, 750.332236, 0
860, 29263, 2, 24.790314, 732.946927, 0
840, 29243, 2, 24.770321, 745.055363, 0
674, 29077, 2, 23.325319, 771.826742, 0
775, 29178, 2, 31.408544, 768.074807, 0
834, 29237, 2, 25.131188, 772.558288, 0
675, 29078, 2, 20.510708, 798.392403, 0
862, 29265, 2, 28.888074, 771.869585, 0
776, 29179, 2, 17.991971, 802.114479, 0
863, 29266, 2, 22.867494, 802.865133, 0
846, 29249, 2, 24.577582, 800.714722, 0
677, 29080, 2, 23.528372, 823.422320, 0
777, 29180, 2, 24.772321, 822.545572, 0
864, 29267, 2, 20.931883, 828.158721, 0
678, 29081, 2, 23.690632, 847.720481, 0
847, 29250, 2, 23.964486, 833.338827, 0
780, 29183, 2, 19.359780, 848.064604, 0
865, 29268, 2, 27.249315, 850.416753, 0
848, 29251, 2, 23.067540, 858.424159, 0
679, 29082, 2, 24.594461, 874.532836, 0
785, 29188, 2, 24.191952, 871.184723, 0
866, 29269, 2, 20.037531, 880.654396, 0
680, 29083, 2, 22.776855, 899.942760, 0
849, 29252, 2, 23.397088, 881.692114, 0
787, 29190, 2, 28.055103, 895.503348, 0
867, 29270, 2, 25.612944, 903.439859, 0
850, 29253, 2, 26.700556, 907.377682, 0
683, 29086, 2, 20.794542, 934.664288, 0
790, 29193, 2, 21.876298, 925.153408, 0
868, 29271, 2, 24.286996, 936.358690, 1
684, 29087, 2, 29.376481, 957.655286, 0
788, 29191, 2, 23.553663, 951.490865, 0
870, 29273, 2, 22.154862, 962.328317, 0
685, 29088, 2, 23.129472, 987.443473, 0
752, 29155, 2, 23.933376, 996.564734, 0
869, 29272, 2, 23.487282, 989.108680, 1
686, 29089, 2, 21.943211, 1012.796552, 0
753, 29156, 2, 18.639500, 1021.758914, 0
872, 29275, 2, 22.312371, 1014.249612, 0
687, 29090, 2, 20.976096, 1037.552177, 0
885, 29288, 2, 19.855259, 1036.161250, 0
755, 29158, 2, 28.007536, 1048.323790, 0
688, 29091, 2, 17.349874, 1061.114345, 0
873, 29276, 2, 24.359351, 1040.507148, 0
772, 29175, 2, 24.606192, 1067.962615, 0
689, 29092, 2, 25.613676, 1081.349843, 0
886, 29289, 2, 20.087173, 1072.456493, 0
874, 29277, 2, 24.159491, 1072.390080, 0
757, 29160, 2, 24.001512, 1108.648094, 0
692, 29095, 2, 19.283116, 1119.616249, 0
871, 29274, 2, 16.482638, 1104.513757, 1
888, 29291, 2, 24.336786, 1103.653768, 0
693, 29096, 2, 25.369688, 1141.005569, 0
876, 29279, 2, 24.099326, 1124.237406, 0
714, 29117, 2, 23.985432, 1141.743221, 0
889, 29292, 2, 27.323869, 1128.710449, 0
695, 29098, 2, 19.943899, 1170.952101, 0
715, 29118, 2, 22.692526, 1167.574194, 0
890, 29293, 2, 17.966034, 1158.144904, 0
875, 29278, 2, 27.596418, 1152.944971, 1
891, 29294, 2, 18.724443, 1177.382837, 0
877, 29280, 2, 18.481199, 1181.721272, 0
716, 29119, 2, 25.225177, 1192.359660, 0
697, 29100, 2, 27.762776, 1198.528045, 0
879, 29282, 2, 18.176769, 1202.522685, 0
718, 29121, 2, 17.262843, 1220.783244, 0
698, 29101, 2, 19.578635, 1226.849689, 0
893, 29296, 2, 20.176040, 1207.853349, 0
880, 29283, 2, 17.445541, 1223.202199, 0
719, 29122, 2, 24.981285, 1240.541091, 0
699, 29102, 2, 26.749603, 1248.348881, 0
881, 29284, 2, 24.504625, 1243.626808, 0
894, 29297, 2, 29.101468, 1243.387696, 0
720, 29123, 2, 20.640014, 1269.094085, 0
700, 29103, 2, 24.717875, 1277.841364, 0
882, 29285, 2, 22.883570, 1273.304889, 0
721, 29124, 2, 20.356575, 1293.711765, 0
896, 29299, 2, 23.506893, 1276.642559, 0
701, 29104, 2, 18.924210, 1303.756449, 0
883, 29286, 2, 18.525072, 1297.611270, 0
722, 29125, 2, 19.878196, 1317.538260, 0
897, 29300, 2, 20.404061, 1303.327879, 0
702, 29105, 2, 24.572763, 1325.450675, 0
884, 29287, 2, 23.978110, 1320.027457, 0
724, 29127, 2, 23.909712, 1345.434515, 0
898, 29301, 2, 25.028595, 1331.619978, 0
703, 29106, 2, 24.715426, 1350.437357, 0
725, 29128, 2, 19.033486, 1370.242122, 0
704, 29107, 2, 26.059940, 1376.560457, 0
899, 29302, 2, 22.637880, 1361.624334, 0
726, 29129, 2, 17.553478, 1391.709033, 0
705, 29108, 2, 20.760657, 1405.523400, 0
727, 29130, 2, 23.726754, 1413.505954, 0
900, 29303, 2, 23.858957, 1396.255343, 0
706, 29109, 2, 24.999807, 1429.300251, 0
901, 29304, 2, 16.611088, 1423.393901, 0
729, 29132, 2, 24.474561, 1445.251296, 0
707, 29110, 2, 17.402958, 1457.314567, 0
902, 29305, 2, 19.402244, 1448.655639, 0
731, 29134, 2, 19.654664, 1474.290099, 0
708, 29111, 2, 16.836350, 1477.826531, 0
903, 29306, 2, 22.353975, 1469.790088, 0
709, 29112, 2, 21.326149, 1497.170247, 0
732, 29135, 2, 26.371550, 1495.268295, 0
904, 29307, 2, 25.330314, 1495.025410, 0
733, 29136, 2, 26.498955, 1522.954904, 0
710, 29113, 2, 29.788577, 1521.213834, 0
905, 29308, 2, 24.229871, 1523.230424, 0
735, 29138, 2, 23.186679, 1553.854754, 0
712, 29115, 2, 19.935843, 1557.898634, 0
906, 29309, 2, 18.455536, 1548.956610, 0
736, 29139, 2, 18.425815, 1578.635661, 0
713, 29116, 2, 29.142533, 1580.523926, 0
908, 29311, 2, 23.586317, 1571.929631, 0
737, 29140, 2, 18.763674, 1602.187642, 0
644, 29047, 2, 22.637540, 1613.359195, 0
907, 29310, 2, 32.191924, 1599.219227, 1
739, 29142, 2, 24.124245, 1629.284960, 0
909, 29312, 2, 18.451745, 1632.865199, 0
740, 29143, 2, 21.422611, 1655.565324, 0
910, 29313, 2, 17.661858, 1653.743648, 0
759, 29162, 2, 21.891828, 1678.055847, 0
911, 29314, 2, 22.038308, 1673.693015, 0
760, 29163, 2, 24.639059, 1703.355515, 0
912, 29315, 2, 25.222618, 1703.287167, 0
717, 29120, 2, 20.021178, 1733.610897, 1
913, 29316, 2, 18.448130, 1733.202597, 0
761, 29164, 2, 17.911908, 1753.990996, 0
762, 29165, 2, 26.249973, 1773.967022, 0
914, 29317, 2, 23.397142, 1764.224649, 0
763, 29166, 2, 22.354227, 1801.689252, 0
915, 29318, 2, 18.027705, 1789.309290, 0
916, 29319, 2, 18.974843, 1808.604568, 0
765, 29168, 2, 23.970729, 1827.856557, 0
917, 29320, 2, 15.689401, 1831.866072, 0
771, 29174, 2, 25.425771, 1842.240884, 0
918, 29321, 2, 26.167932, 1853.067216, 0
766, 29169, 2, 17.702754, 1882.055674, 0
919, 29322, 2, 25.241520, 1882.173407, 0
768, 29171, 2, 24.393872, 1903.701978, 0
769, 29172, 2, 21.909132, 1930.567842, 0
920, 29323, 2, 31.805359, 1912.139433, 0
770, 29173, 2, 26.688355, 1953.004276, 0
922, 29325, 2, 19.445249, 61.466357, 0
923, 29326, 2, 24.654647, 84.584492, 0
924, 29327, 2, 21.716898, 111.246251, 0
925, 29328, 2, 17.585642, 135.779906, 0
926, 29329, 2, 21.064115, 155.627146, 0
927, 29330, 2, 19.257951, 177.546009, 0
928, 29331, 2, 27.565487, 197.081553, 0
929, 29332, 2, 14.731382, 225.817123, 0
930, 29333, 2, 18.867741, 249.754356, 0
931, 29334, 2, 19.765020, 268.868902, 0
932, 29335, 2, 26.766153, 290.082757, 0
933, 29336, 2, 22.879749, 317.561614, 0
934, 29337, 2, 21.399833, 342.957902, 0
935, 29338, 2, 15.987976, 368.408938, 0
936, 29339, 2, 24.409461, 388.150947, 0
946, 29349, 2, 23.719032, 420.321768, 0
947, 29350, 2, 21.899914, 446.286307, 0
948, 29351, 2, 20.596557, 468.436402, 0
949, 29352, 2, 29.440705, 490.194797, 0
950, 29353, 2, 19.221999, 520.339172, 0
955, 29358, 2, 30.887331, 540.769368, 0
960, 29363, 2, 28.055400, 575.493745, 0
963, 29366, 2, 26.474655, 604.576444, 0
964, 29367, 2, 23.173128, 632.728359, 0
966, 29369, 2, 23.970274, 659.011271, 0
967, 29370, 2, 25.671511, 686.983717, 0
968, 29371, 2, 24.785490, 714.162188, 0
969, 29372, 2, 23.385319, 739.524162, 0
973, 29376, 2, 23.053735, 775.720040, 0
974, 29377, 2, 22.507833, 800.144049, 0
975, 29378, 2, 24.106281, 822.872191, 0
976, 29379, 2, 23.744959, 850.743840, 0
977, 29380, 2, 22.016601, 876.741261, 0
940, 29343, 2, 27.059655, 909.092490, 2
981, 29384, 2, 13.465007, 949.184417, 0
939, 29342, 2, 21.551910, 948.375750, 2
982, 29385, 2, 15.973711, 970.550297, 0
944, 29347, 2, 18.317593, 973.711955, 1
984, 29387, 2, 19.758016, 990.523389, 0
937, 29340, 2, 23.729778, 996.876909, 1
985, 29388, 2, 19.144283, 1011.057601, 0
943, 29346, 2, 18.361619, 1022.264661, 1
987, 29390, 2, 20.103527, 1034.480326, 0
957, 29360, 2, 20.666980, 1042.799058, 1
988, 29391, 2, 18.142716, 1056.134420, 0
962, 29365, 2, 15.741057, 1063.645521, 1
989, 29392, 2, 16.142873, 1082.307834, 0
958, 29361, 2, 28.530251, 1082.654195, 1
990, 29393, 2, 26.342898, 1104.165486, 0
959, 29362, 2, 19.878196, 1111.793207, 1
991, 29394, 2, 23.140691, 1130.972215, 0
942, 29345, 2, 20.055792, 1140.072993, 1
992, 29395, 2, 15.855832, 1154.511970, 0
951, 29354, 2, 26.580859, 1161.614604, 1
994, 29397, 2, 20.521852, 1177.755701, 0
961, 29364, 2, 25.786091, 1189.921848, 1
995, 29398, 2, 24.447804, 1205.815705, 1
953, 29356, 2, 16.828641, 1218.923650, 1
996, 29399, 2, 21.963338, 1232.544599, 0
954, 29357, 2, 24.542969, 1239.201573, 1
997, 29400, 2, 22.789236, 1259.068485, 0
952, 29355, 2, 21.730964, 1270.018231, 1
998, 29401, 2, 19.189363, 1283.002341, 0
945, 29348, 2, 17.713164, 1298.445295, 1
999, 29402, 2, 22.641519, 1304.887309, 0
965, 29368, 2, 28.741766, 1322.746632, 1
921, 29324, 2, 26.372512, 1450.860452, 0
371, 28774, 3, 298.371672, 12812.015837, 74
41, 28442, 3, 276.973076, 13800.309423, 71
442, 28845, 3, 292.537137, 12847.442513, 81
502, 28905, 3, 276.062721, 13045.904969, 67
467, 28870, 3, 294.427783, 13336.690353, 76
210, 28611, 3, 276.040390, 15011.506838, 70
437, 28840, 3, 313.470116, 13542.654030, 78
307, 28708, 3, 285.723811, 15370.643638, 69
186, 28587, 3, 292.633858, 15531.529500, 73
42, 28443, 3, 333.081826, 15659.843239, 87
130, 28531, 3, 330.387750, 15760.549303, 86
291, 28692, 3, 345.090382, 16208.467230, 87
543, 28946, 3, 293.783980, 14006.337992, 74
758, 29161, 3, 271.066060, 12581.960593, 67
156, 28557, 3, 344.220622, 16377.507507, 98
194, 28595, 3, 318.928027, 16424.883331, 77
584, 28987, 3, 277.602019, 14177.167973, 70
711, 29114, 3, 296.810313, 12889.633172, 69
270, 28671, 3, 312.393010, 16734.318517, 75
734, 29137, 3, 287.326334, 13054.195033, 69
507, 28910, 3, 311.265903, 15338.385436, 73
545, 28948, 3, 291.122209, 14597.245925, 70
161, 28562, 3, 294.374733, 16930.727858, 72
363, 28766, 3, 374.278411, 16076.293747, 112
800, 29203, 3, 327.764790, 13679.366948, 84
322, 28725, 3, 336.562105, 16578.800621, 80
892, 29295, 3, 372.696066, 13728.443653, 98
302, 28703, 3, 356.082478, 17608.489004, 87
58, 28459, 3, 357.009024, 17643.845564, 86
179, 28580, 3, 364.003632, 17796.499873, 86
638, 29041, 3, 327.797627, 15681.079784, 81
449, 28852, 3, 410.929006, 16616.413164, 118
115, 28516, 3, 417.270233, 18113.393385, 117
811, 29214, 3, 345.583131, 14541.603530, 88
450, 28853, 3, 373.955449, 16833.700953, 95
301, 28702, 3, 381.035961, 18324.091203, 89
482, 28885, 3, 423.955601, 16854.976181, 112
767, 29170, 3, 341.193499, 14635.578296, 84
11, 28412, 3, 558.513791, 18283.859759, 148
819, 29222, 3, 368.689571, 14658.231273, 98
269, 28670, 3, 380.779860, 18573.379901, 97
676, 29079, 3, 351.628916, 14896.064179, 89
2, 28403, 3, 400.988539, 18737.657759, 92
696, 29099, 3, 356.604570, 15018.681939, 87
773, 29176, 3, 462.741921, 15009.303972, 117
136, 28537, 3, 393.338992, 18900.999200, 98
606, 29009, 3, 365.332336, 16636.720778, 90
162, 28563, 3, 370.567674, 18994.951290, 93
336, 28739, 3, 441.507671, 18013.658178, 112
723, 29126, 3, 387.801876, 15219.091732, 103
730, 29133, 3, 365.213364, 15244.384317, 91
509, 28912, 3, 395.294058, 17603.221517, 94
238, 28639, 3, 416.663823, 19202.366919, 103
26, 28427, 3, 458.434035, 19239.342750, 121
311, 28714, 3, 460.340622, 18343.963404, 123
631, 29034, 3, 386.483189, 17111.267789, 94
641, 29044, 3, 391.315639, 17166.379910, 95
694, 29097, 3, 419.445204, 15711.772149, 103
774, 29177, 3, 417.869775, 15755.148520, 110
956, 29359, 3, 388.692854, 13843.084652, 94
446, 28849, 3, 465.778528, 18070.132436, 122
878, 29281, 3, 422.225625, 15839.544876, 106
413, 28816, 3, 477.288136, 18679.325012, 134
625, 29028, 3, 404.625465, 17449.043013, 100
258, 28659, 3, 441.647590, 19721.623024, 109
983, 29386, 3, 423.996886, 14030.842399, 109
851, 29254, 3, 434.013901, 16079.552055, 116
505, 28908, 3, 461.120558, 18448.558005, 113
794, 29197, 3, 425.040357, 16194.653772, 105
993, 29396, 3, 437.008893, 14253.213401, 108
801, 29204, 3, 435.906649, 16391.365765, 111
299, 28700, 3, 456.876954, 20236.159073, 111
350, 28753, 3, 499.742929, 19267.399290, 128
681, 29084, 3, 437.021901, 16610.714441, 108
895, 29298, 3, 452.297448, 16648.266263, 108
298, 28699, 3, 469.041716, 20465.394479, 113
113, 28514, 3, 532.215991, 20416.239136, 138
887, 29290, 3, 452.786103, 16696.016016, 114
650, 29053, 3, 473.169828, 16696.046126, 119
970, 29373, 3, 445.214203, 14738.172142, 106
821, 29224, 3, 469.180520, 16787.108643, 115
756, 29159, 3, 562.112647, 16798.815078, 153
146, 28547, 3, 482.328480, 20683.760627, 119
738, 29141, 3, 465.532212, 16976.948609, 112
595, 28998, 3, 463.650203, 18486.601483, 115
493, 28896, 3, 485.580496, 19264.921582, 116
779, 29182, 3, 532.096354, 16915.590296, 139
516, 28919, 3, 546.633852, 19266.813056, 141
133, 28534, 3, 557.257438, 20765.189692, 152
823, 29226, 3, 474.261789, 17072.098259, 116
636, 29039, 3, 474.677537, 18646.142990, 114
682, 29085, 3, 475.909020, 17163.225646, 114
30, 28431, 3, 528.318403, 20925.501383, 130
90, 28491, 3, 514.475987, 21004.921979, 129
634, 29037, 3, 483.568224, 18745.216529, 117
643, 29046, 3, 484.171432, 18746.410892, 117
110, 28511, 3, 615.858447, 20911.481971, 163
337, 28740, 3, 554.974576, 20052.146167, 141
980, 29383, 3, 488.607421, 15326.153309, 123
971, 29374, 3, 491.867827, 15347.695991, 119
35, 28436, 3, 519.504606, 21114.070425, 126
978, 29381, 3, 520.412146, 15355.033665, 135
938, 29341, 3, 499.965001, 15432.719151, 125
410, 28813, 3, 585.671456, 20179.795842, 160
691, 29094, 3, 521.345471, 17429.454098, 128
227, 28628, 3, 589.935040, 21169.009379, 152
986, 29389, 3, 534.129044, 15484.737350, 139
558, 28961, 3, 565.515585, 18973.646312, 148
797, 29200, 3, 509.415410, 17521.862736, 131
12, 28413, 3, 586.659650, 21267.736265, 149
750, 29153, 3, 555.127937, 17550.242394, 144
611, 29014, 3, 578.275199, 19047.442568, 150
28, 28429, 3, 618.795565, 21342.864626, 163
979, 29382, 3, 556.935384, 15674.163160, 138
665, 29068, 3, 525.705672, 17698.240812, 127
858, 29261, 3, 527.145598, 17687.492103, 128
192, 28593, 3, 559.559668, 21469.481496, 141
941, 29344, 3, 574.255324, 15706.011845, 155
357, 28760, 3, 621.855871, 20504.749259, 165
751, 29154, 3, 538.836487, 17754.576909, 136
764, 29167, 3, 558.794843, 17737.956617, 141
257, 28658, 3, 567.368271, 21527.122171, 138
69, 28470, 3, 571.503776, 21556.445749, 144
657, 29060, 3, 598.862698, 17761.314390, 161
407, 28810, 3, 572.008445, 20636.825653, 140
546, 28949, 3, 587.203902, 19308.425497, 156
247, 28648, 3, 590.755703, 21619.564257, 144
429, 28832, 3, 644.614611, 20075.312377, 170
522, 28925, 3, 590.166598, 20147.439574, 148
485, 28888, 3, 607.254317, 20139.082993, 157
153, 28554, 3, 597.682622, 21655.931143, 144
430, 28833, 3, 595.140361, 20172.816642, 151
972, 29375, 3, 596.560068, 15906.520650, 148
62, 28463, 3, 611.961907, 21696.213273, 153
56, 28457, 3, 620.332083, 21716.764911, 153
524, 28927, 3, 616.447998, 20224.673383, 155
814, 29217, 3, 639.042414, 17891.737471, 158
232, 28633, 3, 629.531860, 21713.252539, 148
481, 28884, 3, 641.214107, 20217.482506, 152
728, 29131, 3, 649.101320, 17920.552045, 169
217, 28618, 3, 648.708842, 21715.883846, 162
542, 28945, 3, 616.152830, 19479.945823, 140
690, 29093, 3, 632.122482, 17959.861809, 158
861, 29264, 3, 603.397810, 17974.430232, 147
754, 29157, 3, 631.381350, 17981.475724, 150
578, 28981, 3, 631.009567, 19491.516586, 145
