15880 (policy 2): 25.944684, 0.000000, 0, 0, 0
15836 (policy 2): 27.262370, 0.000000, 0, 0, 0
15837 (policy 2): 27.190532, 0.045557, 0, 0, 0
16058 (policy 2): 24.459426, 2.526904, 0, 0, 0
15839 (policy 2): 25.811691, 29.759474, 0, 0, 0
15840 (policy 2): 24.488069, 31.064918, 0, 0, 0
16060 (policy 2): 18.877227, 31.743787, 0, 0, 0
15937 (policy 2): 27.445165, 32.655882, 0, 0, 0
15841 (policy 2): 17.438857, 57.713935, 0, 0, 0
15913 (policy 2): 27.924191, 57.046146, 0, 0, 0
16062 (policy 2): 25.502374, 53.107197, 0, 0, 0
15954 (policy 2): 19.703168, 71.426032, 0, 0, 0
15843 (policy 2): 22.968083, 80.022164, 0, 0, 0
16061 (policy 2): 18.515486, 80.149930, 1, 0, 1
15938 (policy 2): 27.296761, 84.820864, 0, 0, 0
15955 (policy 2): 28.799886, 94.474276, 0, 0, 0
16063 (policy 2): 22.076988, 100.946438, 0, 0, 0
15844 (policy 2): 27.564595, 104.069146, 0, 0, 0
15956 (policy 2): 19.051226, 124.320735, 0, 0, 0
15939 (policy 2): 23.481871, 120.462915, 0, 0, 0
15845 (policy 2): 19.365975, 132.190002, 0, 0, 0
16064 (policy 2): 23.078079, 123.339777, 0, 0, 0
15957 (policy 2): 23.091572, 144.598573, 0, 0, 0
15942 (policy 2): 19.970408, 155.560340, 0, 0, 0
15847 (policy 2): 19.978090, 158.861564, 1, 0, 1
16065 (policy 2): 23.718492, 146.825400, 0, 0, 0
15958 (policy 2): 20.310889, 171.130198, 0, 0, 0
15848 (policy 2): 21.231533, 182.215575, 0, 0, 0
16066 (policy 2): 23.504504, 174.730536, 1, 0, 1
16067 (policy 2): 23.784069, 182.496057, 0, 0, 0
15959 (policy 2): 20.774132, 194.225730, 0, 0, 0
15944 (policy 2): 18.103037, 205.559015, 0, 0, 0
15850 (policy 2): 20.895536, 210.788554, 0, 0, 0
16068 (policy 2): 20.061242, 206.460183, 0, 0, 0
15960 (policy 2): 21.585554, 218.104529, 0, 0, 0
15945 (policy 2): 17.976300, 225.729661, 0, 0, 0
15851 (policy 2): 18.672328, 232.524428, 0, 0, 0
16069 (policy 2): 18.045519, 228.265408, 0, 0, 0
15962 (policy 2): 24.156842, 243.155510, 0, 0, 0
15852 (policy 2): 22.737861, 252.212088, 0, 0, 0
15946 (policy 2): 25.009369, 246.641159, 0, 0, 0
16071 (policy 2): 22.424303, 252.492977, 0, 0, 0
15853 (policy 2): 20.359463, 275.109220, 0, 0, 0
15964 (policy 2): 26.926081, 268.243510, 0, 0, 0
15947 (policy 2): 20.740955, 274.986814, 0, 0, 0
16072 (policy 2): 22.462456, 277.927356, 0, 0, 0
15854 (policy 2): 17.350869, 297.451610, 0, 0, 0
15965 (policy 2): 26.887413, 296.352304, 0, 0, 0
15949 (policy 2): 21.646593, 305.709141, 0, 0, 0
16073 (policy 2): 29.245982, 301.059974, 0, 0, 0
15855 (policy 2): 27.346344, 319.350819, 0, 0, 0
15966 (policy 2): 32.213931, 326.563578, 0, 0, 0
16074 (policy 2): 23.318776, 330.744216, 0, 0, 0
15950 (policy 2): 28.726708, 330.676029, 0, 0, 0
15856 (policy 2): 22.663974, 347.930412, 0, 0, 0
16075 (policy 2): 19.040340, 354.918539, 0, 0, 0
15951 (policy 2): 24.342254, 362.912526, 0, 0, 0
15857 (policy 2): 21.377535, 373.162506, 0, 0, 0
15986 (policy 2): 25.132929, 373.403245, 0, 0, 0
16076 (policy 2): 27.988206, 378.081098, 0, 0, 0
15858 (policy 2): 15.439632, 403.139812, 0, 0, 0
15987 (policy 2): 22.478252, 400.022667, 0, 0, 0
15967 (policy 2): 24.044983, 406.710724, 0, 0, 0
16078 (policy 2): 19.943693, 409.975376, 0, 0, 0
15859 (policy 2): 15.834632, 422.719015, 0, 0, 0
15988 (policy 2): 19.882611, 426.191131, 0, 0, 0
15968 (policy 2): 23.687093, 431.987181, 0, 0, 0
15860 (policy 2): 16.428958, 442.989954, 0, 0, 0
16080 (policy 2): 23.637175, 438.123969, 0, 0, 0
15970 (policy 2): 15.708147, 459.074112, 0, 0, 0
15861 (policy 2): 16.249402, 462.366078, 0, 0, 0
15992 (policy 2): 23.033233, 454.955487, 0, 0, 0
15971 (policy 2): 16.139557, 478.606614, 0, 0, 0
16082 (policy 2): 27.507527, 466.403574, 0, 0, 0
15862 (policy 2): 19.966462, 482.594524, 0, 0, 0
15993 (policy 2): 21.535674, 480.302235, 0, 0, 0
15972 (policy 2): 16.968643, 497.982332, 0, 0, 0
16083 (policy 2): 19.324995, 494.463158, 0, 0, 0
15863 (policy 2): 19.537872, 510.825376, 0, 0, 0
15996 (policy 2): 23.228936, 510.519724, 0, 0, 0
15973 (policy 2): 17.038992, 517.635151, 0, 0, 0
16084 (policy 2): 18.464582, 515.670245, 0, 0, 0
15864 (policy 2): 18.160910, 532.270447, 0, 0, 0
15974 (policy 2): 17.263332, 537.553083, 0, 0, 0
15997 (policy 2): 21.809160, 536.262651, 0, 0, 0
16085 (policy 2): 28.078071, 537.534178, 0, 0, 0
15866 (policy 2): 28.386248, 558.678161, 0, 0, 0
15998 (policy 2): 25.217412, 560.594478, 0, 0, 0
15975 (policy 2): 32.643933, 557.800358, 0, 0, 0
16086 (policy 2): 25.808374, 568.479049, 0, 0, 0
15867 (policy 2): 22.488033, 587.864832, 0, 0, 0
15976 (policy 2): 22.880307, 591.849917, 0, 0, 0
15991 (policy 2): 29.221771, 589.103871, 1, 0, 1
16087 (policy 2): 30.551072, 595.214178, 0, 0, 0
15868 (policy 2): 22.693516, 611.787377, 0, 0, 0
15977 (policy 2): 23.671817, 615.238210, 0, 0, 0
15999 (policy 2): 24.650061, 625.936787, 0, 0, 0
16088 (policy 2): 24.012315, 629.955699, 0, 0, 0
15869 (policy 2): 29.319635, 637.180767, 0, 0, 0
15978 (policy 2): 28.478540, 639.283028, 0, 0, 0
16051 (policy 2): 24.491299, 650.175385, 0, 0, 0
16089 (policy 2): 23.317336, 654.151174, 0, 0, 0
15870 (policy 2): 23.342670, 667.114043, 0, 0, 0
15979 (policy 2): 23.531784, 670.796986, 0, 0, 0
15989 (policy 2): 16.296295, 681.727947, 1, 0, 1
16090 (policy 2): 25.769191, 680.143064, 0, 0, 0
15871 (policy 2): 22.033085, 692.590677, 0, 0, 0
15980 (policy 2): 20.871843, 697.680128, 0, 0, 0
15872 (policy 2): 17.387633, 717.193387, 0, 0, 0
16091 (policy 2): 22.414653, 707.318245, 0, 0, 0
16120 (policy 2): 23.776150, 705.022718, 0, 0, 0
15981 (policy 2): 19.032212, 723.284089, 0, 0, 0
16092 (policy 2): 19.657677, 729.811424, 0, 0, 0
15873 (policy 2): 19.681969, 738.505344, 0, 0, 0
16121 (policy 2): 26.991572, 729.907347, 0, 0, 0
15982 (policy 2): 16.901818, 745.295489, 0, 0, 0
16093 (policy 2): 26.017598, 751.517815, 0, 0, 0
15874 (policy 2): 30.176530, 760.777995, 0, 0, 0
16122 (policy 2): 25.358688, 759.008179, 0, 0, 0
15984 (policy 2): 24.396307, 770.214747, 0, 0, 0
15875 (policy 2): 19.145514, 791.042460, 0, 0, 0
16094 (policy 2): 23.963025, 781.891190, 0, 0, 0
16123 (policy 2): 23.832972, 788.831272, 0, 0, 0
16000 (policy 2): 22.932561, 802.750000, 0, 0, 0
15876 (policy 2): 25.974662, 813.069968, 0, 0, 0
16095 (policy 2): 27.590266, 805.991127, 0, 0, 0
16124 (policy 2): 21.452273, 815.794907, 0, 0, 0
16001 (policy 2): 23.726375, 826.358549, 0, 0, 0
15877 (policy 2): 17.823851, 840.341942, 0, 0, 0
16055 (policy 2): 27.029593, 835.757505, 0, 0, 0
16125 (policy 2): 20.986305, 839.395973, 0, 0, 0
16002 (policy 2): 23.880978, 853.696078, 0, 0, 0
15878 (policy 2): 24.230280, 861.782295, 0, 0, 0
16096 (policy 2): 18.936120, 862.318694, 0, 0, 0
16126 (policy 2): 22.873357, 861.848610, 0, 0, 0
16003 (policy 2): 24.332637, 877.812682, 0, 0, 0
15881 (policy 2): 18.568945, 887.900470, 0, 0, 0
16097 (policy 2): 17.356960, 883.912946, 0, 0, 0
16127 (policy 2): 26.069389, 886.423844, 0, 0, 0
15882 (policy 2): 25.500163, 908.703799, 0, 0, 0
16005 (policy 2): 28.708951, 905.623608, 0, 0, 0
16098 (policy 2): 24.895462, 905.160675, 0, 0, 0
16212 (policy 2): 21.477819, 287.627007, 0, 0, 0
15883 (policy 2): 22.312452, 935.773871, 0, 0, 0
16007 (policy 2): 24.149243, 937.708290, 0, 0, 0
16209 (policy 2): 17.693647, 311.810818, 0, 0, 0
16100 (policy 2): 23.641481, 937.451176, 0, 0, 0
15884 (policy 2): 20.957788, 960.941522, 0, 0, 0
16008 (policy 2): 22.936214, 962.673748, 0, 0, 0
16207 (policy 2): 25.558501, 331.613865, 0, 0, 0
16104 (policy 2): 27.899989, 973.186714, 0, 0, 0
15885 (policy 2): 25.285200, 984.576642, 0, 0, 0
16009 (policy 2): 30.002140, 987.904535, 0, 0, 0
16210 (policy 2): 28.313197, 357.259461, 0, 0, 0
16105 (policy 2): 23.021391, 1001.989067, 0, 0, 0
15886 (policy 2): 27.018870, 1010.779534, 0, 0, 0
16205 (policy 2): 26.244527, 387.844688, 0, 0, 0
16011 (policy 2): 27.852001, 1021.396610, 0, 0, 0
15887 (policy 2): 18.514957, 1039.519512, 0, 0, 0
16106 (policy 2): 26.082820, 1034.975081, 0, 0, 0
16206 (policy 2): 24.865953, 416.849276, 0, 0, 0
16012 (policy 2): 27.982317, 1049.802737, 0, 0, 0
15888 (policy 2): 24.470232, 1061.255250, 0, 0, 0
16108 (policy 2): 24.032124, 1069.390220, 0, 0, 0
15918 (policy 2): 25.740858, 1079.138025, 0, 0, 0
16013 (policy 2): 27.341531, 1078.826292, 0, 0, 0
15889 (policy 2): 28.065387, 1086.216163, 0, 0, 0
16109 (policy 2): 24.012708, 1096.851155, 0, 0, 0
16014 (policy 2): 26.279276, 1106.938693, 0, 0, 0
15921 (policy 2): 23.345837, 1113.251964, 0, 0, 0
15890 (policy 2): 27.152093, 1114.893283, 0, 0, 0
16110 (policy 2): 22.296281, 1123.041434, 0, 0, 0
16015 (policy 2): 19.111340, 1134.010041, 0, 0, 0
15922 (policy 2): 19.901857, 1141.196680, 0, 0, 0
15891 (policy 2): 25.114869, 1144.559288, 0, 0, 0
16111 (policy 2): 21.980049, 1146.884702, 0, 0, 0
15923 (policy 2): 19.239941, 1161.409381, 0, 0, 0
15892 (policy 2): 17.974306, 1171.574217, 0, 0, 0
15943 (policy 2): 29.826925, 1158.157139, 1, 0, 1
16112 (policy 2): 27.358448, 1169.729253, 0, 0, 0
15924 (policy 2): 29.143572, 1183.741522, 0, 0, 0
16016 (policy 2): 27.546931, 1189.634394, 0, 0, 0
15893 (policy 2): 31.614517, 1194.048782, 0, 0, 0
15925 (policy 2): 18.683982, 1213.835003, 0, 0, 0
16113 (policy 2): 27.893958, 1200.871889, 0, 0, 0
15894 (policy 2): 16.905649, 1228.686095, 0, 0, 0
16019 (policy 2): 19.045232, 1226.100928, 0, 0, 0
15926 (policy 2): 21.297356, 1235.385624, 0, 0, 0
16115 (policy 2): 24.027650, 1233.118356, 0, 0, 0
15895 (policy 2): 21.054760, 1248.407687, 0, 0, 0
16020 (policy 2): 25.108329, 1247.918662, 0, 0, 0
16128 (policy 2): 25.683506, 1250.565403, 0, 0, 0
16116 (policy 2): 21.484119, 1259.737358, 0, 0, 0
15896 (policy 2): 21.970124, 1271.556649, 0, 0, 0
16221 (policy 2): 27.959525, 644.657160, 0, 0, 0
16029 (policy 2): 19.434586, 1285.316235, 0, 0, 0
16117 (policy 2): 27.385956, 1285.195985, 0, 0, 0
15897 (policy 2): 24.639303, 1296.809663, 0, 0, 0
16030 (policy 2): 19.628156, 1309.084333, 0, 0, 0
16222 (policy 2): 29.740081, 674.949378, 0, 0, 0
16119 (policy 2): 21.326324, 1315.188836, 0, 0, 0
15898 (policy 2): 24.519454, 1324.860046, 0, 0, 0
16032 (policy 2): 23.922998, 1332.670025, 0, 0, 0
16223 (policy 2): 23.667955, 705.020965, 0, 0, 0
16054 (policy 2): 19.750034, 1342.949771, 0, 0, 0
15899 (policy 2): 23.765995, 1349.663429, 0, 0, 0
16033 (policy 2): 28.963534, 1359.778580, 0, 0, 0
16224 (policy 2): 27.702762, 729.381390, 0, 0, 0
15900 (policy 2): 23.889578, 1377.657691, 0, 0, 0
16172 (policy 2): 27.799245, 742.670830, 0, 0, 0
16225 (policy 2): 19.272581, 761.217428, 0, 0, 0
16034 (policy 2): 27.629838, 1393.076736, 0, 0, 0
15902 (policy 2): 23.860845, 1409.416928, 0, 0, 0
16176 (policy 2): 29.256467, 773.422112, 0, 0, 0
16036 (policy 2): 19.927650, 1424.629873, 0, 0, 0
15904 (policy 2): 28.496353, 1437.275242, 0, 0, 0
16173 (policy 2): 28.008151, 806.382315, 0, 0, 0
16037 (policy 2): 25.426024, 1447.075065, 0, 0, 0
15905 (policy 2): 25.720744, 1467.474530, 0, 0, 0
16179 (policy 2): 29.500280, 837.513543, 0, 0, 0
16038 (policy 2): 29.356744, 1475.151399, 0, 0, 0
15906 (policy 2): 24.713135, 1496.573337, 0, 0, 0
16161 (policy 2): 23.882561, 870.930855, 0, 0, 0
16040 (policy 2): 32.206841, 1508.658847, 0, 0, 0
15907 (policy 2): 25.171478, 1523.961766, 0, 0, 0
16151 (policy 2): 25.607875, 897.547859, 0, 0, 0
16153 (policy 2): 24.402916, 903.183888, 0, 0, 0
16041 (policy 2): 22.112181, 1542.397207, 0, 0, 0
15908 (policy 2): 26.542151, 1551.208604, 0, 0, 0
16160 (policy 2): 18.034038, 928.753839, 0, 0, 0
16149 (policy 2): 25.886362, 925.745706, 0, 0, 0
16043 (policy 2): 15.769577, 1568.746851, 0, 0, 0
16211 (policy 2): 25.444600, 944.056579, 0, 0, 0
16154 (policy 2): 27.687513, 951.484986, 0, 0, 0
16044 (policy 2): 27.815594, 1588.436636, 0, 0, 0
16155 (policy 2): 26.001689, 981.530275, 0, 0, 0
16023 (policy 2): 32.585785, 1613.123151, 0, 0, 0
16045 (policy 2): 28.420579, 1620.009926, 0, 0, 0
16148 (policy 2): 16.541985, 1010.790652, 0, 0, 0
16024 (policy 2): 18.908740, 1645.939710, 0, 0, 0
16046 (policy 2): 19.454589, 1649.732025, 0, 0, 0
16156 (policy 2): 24.438696, 1031.003026, 0, 0, 0
16025 (policy 2): 24.371397, 1669.293100, 0, 0, 0
16047 (policy 2): 24.926122, 1671.276921, 0, 0, 0
16162 (policy 2): 19.949454, 1058.881203, 0, 0, 0
16028 (policy 2): 19.455066, 1701.306810, 0, 0, 0
16165 (policy 2): 16.183513, 1082.595865, 0, 0, 0
15911 (policy 2): 26.652508, 1710.316901, 0, 0, 0
16208 (policy 2): 27.404025, 1090.235751, 0, 0, 0
16163 (policy 2): 15.695020, 1106.967982, 0, 0, 0
15912 (policy 2): 21.859380, 1739.311106, 0, 0, 0
16178 (policy 2): 19.923192, 1114.215798, 0, 0, 0
16168 (policy 2): 16.478944, 1125.997474, 0, 0, 0
16133 (policy 2): 16.415623, 1751.614989, 0, 0, 0
15915 (policy 2): 24.035474, 1764.986922, 0, 0, 0
16175 (policy 2): 23.138695, 1135.300446, 0, 0, 0
16169 (policy 2): 21.405214, 1145.253589, 0, 0, 0
16131 (policy 2): 15.708417, 1780.419855, 0, 0, 0
16174 (policy 2): 18.680783, 1160.147983, 0, 0, 0
15916 (policy 2): 22.857277, 1790.523571, 0, 0, 0
16170 (policy 2): 22.042849, 1168.409561, 0, 0, 0
16132 (policy 2): 19.755743, 1800.378356, 0, 0, 0
16177 (policy 2): 22.777345, 1179.386622, 0, 0, 0
15927 (policy 2): 15.790560, 1820.643889, 0, 0, 0
16164 (policy 2): 24.322534, 1194.754953, 1, 0, 1
16214 (policy 2): 20.493837, 1205.124332, 0, 0, 0
16050 (policy 2): 29.283852, 1834.699261, 1, 0, 1
16194 (policy 2): 23.912499, 1213.948146, 0, 0, 0
16053 (policy 2): 23.801273, 1854.979506, 1, 0, 1
16215 (policy 2): 21.020356, 1227.879261, 0, 0, 0
16049 (policy 2): 19.958124, 1872.126117, 1, 0, 1
16204 (policy 2): 28.273167, 1241.481428, 0, 0, 0
16216 (policy 2): 20.426577, 1252.411358, 0, 0, 0
15909 (policy 2): 21.018544, 1900.844658, 1, 0, 1
16236 (policy 2): 27.863843, 16.167145, 0, 0, 0
16196 (policy 2): 24.151401, 1277.748271, 0, 0, 0
16218 (policy 2): 24.081599, 1280.915303, 0, 0, 0
15928 (policy 2): 23.635161, 1924.835020, 0, 0, 0
16195 (policy 2): 17.478009, 1304.143640, 0, 0, 0
16238 (policy 2): 23.552173, 48.276607, 0, 0, 0
15934 (policy 2): 22.378642, 1942.020752, 0, 0, 0
15929 (policy 2): 27.897098, 1952.768803, 0, 0, 0
16198 (policy 2): 22.199133, 1323.611347, 0, 0, 0
16239 (policy 2): 26.367595, 73.255107, 0, 0, 0
16219 (policy 2): 27.778586, 1337.269666, 0, 0, 0
15930 (policy 2): 26.113466, 1982.570477, 0, 0, 0
16202 (policy 2): 20.265929, 1353.415437, 0, 0, 0
16240 (policy 2): 27.761504, 100.107414, 0, 0, 0
15935 (policy 2): 25.003462, 2003.353233, 0, 0, 0
16201 (policy 2): 21.842209, 1380.019442, 0, 0, 0
15932 (policy 2): 31.565786, 2013.079291, 0, 0, 0
16241 (policy 2): 28.028377, 128.157937, 0, 0, 0
16226 (policy 2): 30.990666, 1393.367288, 0, 0, 0
15933 (policy 2): 19.298538, 2044.926285, 0, 0, 0
16197 (policy 2): 21.158471, 1412.494920, 0, 0, 0
16242 (policy 2): 21.568549, 158.098927, 0, 0, 0
16227 (policy 2): 22.758189, 1425.628240, 0, 0, 0
16200 (policy 2): 19.702923, 1437.779583, 1, 0, 1
16182 (policy 2): 19.629953, 1446.485574, 0, 0, 0
16244 (policy 2): 19.594563, 187.874163, 0, 0, 0
16228 (policy 2): 20.201970, 1452.356518, 0, 0, 0
16232 (policy 2): 24.341004, 1459.989287, 0, 0, 0
16245 (policy 2): 17.447079, 210.247420, 0, 0, 0
16189 (policy 2): 22.593066, 1467.273471, 0, 0, 0
16229 (policy 2): 20.266273, 1475.927941, 0, 0, 0
16234 (policy 2): 24.633036, 1487.292465, 0, 0, 0
16248 (policy 2): 23.917207, 231.347316, 0, 0, 0
16185 (policy 2): 22.322435, 1491.610670, 0, 0, 0
16231 (policy 2): 24.243458, 1500.150484, 0, 0, 0
16251 (policy 2): 20.528649, 258.691721, 0, 0, 0
16187 (policy 2): 24.827167, 1517.623859, 0, 0, 0
16235 (policy 2): 27.909098, 1515.964055, 0, 0, 0
16254 (policy 2): 24.884675, 282.565656, 0, 0, 0
16180 (policy 2): 24.837985, 1545.757192, 0, 0, 0
16136 (policy 2): 24.256582, 2012.861937, 0, 0, 0
16017 (policy 2): 31.009711, 2186.129548, 1, 0, 1
16181 (policy 2): 26.897574, 1571.236348, 0, 0, 0
16253 (policy 2): 29.925780, 309.231782, 0, 0, 0
16137 (policy 2): 21.933080, 2038.591941, 0, 0, 0
16184 (policy 2): 19.692471, 1598.285677, 0, 0, 0
16247 (policy 2): 22.034267, 341.733280, 0, 0, 0
16138 (policy 2): 23.915495, 2064.081150, 0, 0, 0
16249 (policy 2): 23.112226, 364.536325, 0, 0, 0
16192 (policy 2): 28.548866, 1618.090139, 0, 0, 0
16139 (policy 2): 25.258729, 2091.084888, 0, 0, 0
16186 (policy 2): 18.404707, 1647.978473, 0, 0, 0
16252 (policy 2): 22.911373, 388.470932, 0, 0, 0
16140 (policy 2): 19.721645, 2116.621167, 0, 0, 0
16183 (policy 2): 17.313354, 1668.860717, 0, 0, 0
16250 (policy 2): 20.266064, 415.144495, 0, 0, 0
16141 (policy 2): 25.665125, 2138.602024, 0, 0, 0
16190 (policy 2): 20.770663, 1689.472084, 0, 0, 0
16246 (policy 2): 26.528519, 437.190230, 1, 0, 1
16142 (policy 2): 21.984191, 2166.045837, 0, 0, 0
16255 (policy 2): 27.202530, 464.826869, 0, 0, 0
16143 (policy 2): 18.812289, 2189.105749, 0, 0, 0
16305 (policy 2): 27.408904, 62.775762, 0, 0, 0
16145 (policy 2): 23.208209, 2216.448109, 0, 0, 0
16257 (policy 2): 27.220756, 500.596543, 0, 0, 0
16146 (policy 2): 24.666331, 2243.040459, 0, 0, 0
16259 (policy 2): 23.299523, 528.478453, 0, 0, 0
16306 (policy 2): 24.016763, 98.637262, 0, 0, 0
16261 (policy 2): 16.813933, 555.030043, 0, 0, 0
16307 (policy 2): 19.383086, 123.285163, 0, 0, 0
16134 (policy 2): 23.570403, 2269.237603, 0, 0, 0
16264 (policy 2): 21.921122, 574.306529, 0, 0, 0
16308 (policy 2): 24.002259, 150.610867, 0, 0, 0
16285 (policy 2): 16.323785, 594.816784, 0, 0, 0
16265 (policy 2): 24.824988, 599.680511, 0, 0, 0
16262 (policy 2): 22.038696, 625.670632, 0, 0, 0
16258 (policy 2): 27.431640, 657.286815, 0, 0, 0
16260 (policy 2): 29.158212, 687.025652, 0, 0, 0
16289 (policy 2): 26.856753, 685.088480, 0, 0, 0
16263 (policy 2): 27.013896, 717.255891, 1, 0, 1
16288 (policy 2): 27.111409, 713.365607, 1, 0, 1
16267 (policy 2): 23.783814, 744.152129, 0, 0, 0
16290 (policy 2): 20.887287, 743.466519, 0, 0, 0
16320 (policy 2): 24.567905, 14.754821, 0, 0, 0
16268 (policy 2): 24.599274, 755.407826, 0, 0, 0
16266 (policy 2): 21.877823, 769.728984, 1, 0, 1
16321 (policy 2): 18.194351, 40.521216, 0, 0, 0
16291 (policy 2): 27.387517, 768.375501, 0, 0, 0
16269 (policy 2): 22.329040, 781.507028, 0, 0, 0
16322 (policy 2): 26.351911, 60.848705, 0, 0, 0
16270 (policy 2): 25.564274, 806.472122, 0, 0, 0
16293 (policy 2): 15.940675, 823.712053, 0, 0, 0
16271 (policy 2): 18.919845, 832.443539, 0, 0, 0
16324 (policy 2): 18.826374, 91.803744, 0, 0, 0
16413 (policy 2): 19.287418, 12.708867, 1, 0, 1
16325 (policy 2): 21.229307, 113.357212, 0, 0, 0
16310 (policy 2): 23.977879, 395.526553, 0, 0, 0
16414 (policy 2): 27.925043, 40.141798, 0, 0, 0
16273 (policy 2): 27.933650, 859.468626, 0, 0, 0
16294 (policy 2): 21.019341, 874.848651, 0, 0, 0
16326 (policy 2): 27.273632, 135.533899, 0, 0, 0
16274 (policy 2): 19.198660, 887.991974, 0, 0, 0
16415 (policy 2): 19.297329, 68.578313, 0, 0, 0
16327 (policy 2): 21.531917, 165.310574, 0, 0, 0
16275 (policy 2): 20.220756, 911.175616, 0, 0, 0
16295 (policy 2): 25.363122, 902.588959, 0, 0, 0
16423 (policy 2): 20.213746, 91.695690, 0, 0, 0
16328 (policy 2): 29.100674, 190.014440, 0, 0, 0
16418 (policy 2): 23.913296, 119.864469, 0, 0, 0
16296 (policy 2): 28.750269, 931.328412, 0, 0, 0
16276 (policy 2): 23.920242, 939.165899, 0, 0, 0
16311 (policy 2): 19.131065, 512.323377, 0, 0, 0
16416 (policy 2): 27.212103, 144.927267, 0, 0, 0
16277 (policy 2): 23.654785, 967.704625, 0, 0, 0
16312 (policy 2): 24.187142, 535.908250, 0, 0, 0
16329 (policy 2): 28.154529, 193.473804, 0, 0, 0
16417 (policy 2): 24.746525, 175.135540, 0, 0, 0
16278 (policy 2): 22.686901, 1000.618427, 0, 0, 0
16347 (policy 2): 24.081915, 223.081820, 0, 0, 0
16331 (policy 2): 23.837710, 229.680652, 0, 0, 0
16279 (policy 2): 20.893663, 1026.258496, 0, 0, 0
16420 (policy 2): 24.338900, 203.501236, 0, 0, 0
16348 (policy 2): 20.625894, 250.646150, 0, 0, 0
16332 (policy 2): 25.499782, 255.896865, 0, 0, 0
16350 (policy 2): 23.880636, 254.935696, 0, 0, 0
16280 (policy 2): 28.975951, 1050.088209, 0, 0, 0
16297 (policy 2): 27.983722, 1039.714630, 0, 0, 0
16351 (policy 2): 24.192229, 282.653002, 0, 0, 0
16334 (policy 2): 24.141931, 289.258122, 0, 0, 0
16282 (policy 2): 24.321350, 1082.909278, 0, 0, 0
16353 (policy 2): 19.892438, 310.884855, 0, 0, 0
16335 (policy 2): 23.679438, 313.562513, 0, 0, 0
16283 (policy 2): 22.974346, 1107.912895, 0, 0, 0
16299 (policy 2): 19.890572, 1075.701228, 0, 0, 0
16354 (policy 2): 22.677277, 332.204960, 0, 0, 0
16336 (policy 2): 27.436410, 336.107188, 0, 0, 0
16298 (policy 2): 29.264523, 1098.399628, 0, 0, 0
16431 (policy 2): 28.028862, 311.209295, 0, 0, 0
16339 (policy 2): 28.407480, 359.250984, 0, 0, 0
16432 (policy 2): 21.233444, 342.023697, 0, 0, 0
16301 (policy 2): 33.087884, 1130.718131, 0, 0, 0
16340 (policy 2): 19.092216, 388.151969, 0, 0, 0
16434 (policy 2): 27.965769, 367.096587, 0, 0, 0
16304 (policy 2): 26.577344, 1165.315385, 0, 0, 0
16341 (policy 2): 25.003917, 410.507019, 0, 0, 0
16436 (policy 2): 24.038422, 399.106773, 0, 0, 0
16342 (policy 2): 19.433065, 435.891921, 0, 0, 0
16349 (policy 2): 23.182593, 443.809035, 1, 0, 1
16437 (policy 2): 25.098032, 425.878066, 0, 0, 0
16343 (policy 2): 26.253357, 457.262499, 0, 0, 0
16355 (policy 2): 15.985414, 471.064299, 0, 0, 0
16438 (policy 2): 20.156081, 454.798630, 0, 0, 0
16345 (policy 2): 19.981448, 487.551783, 0, 0, 0
16356 (policy 2): 20.623057, 490.393146, 0, 0, 0
16439 (policy 2): 28.380401, 475.028768, 0, 0, 0
16346 (policy 2): 23.159721, 508.382099, 0, 0, 0
16357 (policy 2): 18.923022, 512.061494, 0, 0, 0
16419 (policy 2): 22.476854, 509.695013, 0, 0, 0
16442 (policy 2): 19.418470, 511.683916, 0, 0, 0
16358 (policy 2): 26.418572, 536.043151, 0, 0, 0
16489 (policy 2): 19.952607, 22.852182, 0, 0, 0
16337 (policy 2): 21.214609, 558.186002, 1, 0, 1
16443 (policy 2): 22.874913, 531.902271, 0, 0, 0
16359 (policy 2): 29.108762, 565.467409, 0, 0, 0
16490 (policy 2): 21.667821, 44.826194, 0, 0, 0
16445 (policy 2): 27.616938, 559.271220, 0, 0, 0
16425 (policy 2): 24.136752, 563.362760, 0, 0, 0
16360 (policy 2): 22.961860, 595.419851, 0, 0, 0
16491 (policy 2): 24.553685, 69.823768, 0, 0, 0
16361 (policy 2): 17.821675, 621.423767, 0, 0, 0
16427 (policy 2): 24.023970, 591.284580, 0, 0, 0
16446 (policy 2): 23.954694, 594.802284, 0, 0, 0
16492 (policy 2): 23.085673, 103.205542, 0, 0, 0
16363 (policy 2): 21.928634, 644.330972, 0, 0, 0
16429 (policy 2): 20.088954, 623.268195, 0, 0, 0
16447 (policy 2): 20.242900, 622.537570, 0, 0, 0
16493 (policy 2): 19.276212, 127.063338, 0, 0, 0
16364 (policy 2): 22.127595, 665.756842, 0, 0, 0
16448 (policy 2): 21.627655, 645.107831, 0, 0, 0
16430 (policy 2): 28.516777, 647.175155, 0, 0, 0
16494 (policy 2): 20.768438, 149.930977, 0, 0, 0
16365 (policy 2): 22.234168, 690.169824, 0, 0, 0
16449 (policy 2): 24.074356, 670.596974, 0, 0, 0
16497 (policy 2): 19.841733, 182.308206, 0, 0, 0
16366 (policy 2): 25.939807, 713.949294, 0, 0, 0
16450 (policy 2): 26.163399, 696.397758, 0, 0, 0
16499 (policy 2): 28.269328, 210.145664, 0, 0, 0
16538 (policy 2): 28.092399, 20.855388, 0, 0, 0
16368 (policy 2): 19.127918, 756.645375, 0, 0, 0
16451 (policy 2): 24.430250, 726.075173, 0, 0, 0
16540 (policy 2): 24.014662, 52.296264, 0, 0, 0
16369 (policy 2): 22.699487, 777.503233, 0, 0, 0
16588 (policy 2): 22.619488, 45.516212, 0, 0, 0
16453 (policy 2): 19.431067, 759.022141, 0, 0, 0
16454 (policy 2): 17.157685, 781.296183, 0, 0, 0
16501 (policy 2): 24.297241, 135.214515, 0, 0, 0
16370 (policy 2): 24.012076, 804.180685, 0, 0, 0
16541 (policy 2): 29.816381, 78.174816, 0, 0, 0
16456 (policy 2): 23.994854, 806.696562, 0, 0, 0
16502 (policy 2): 29.820130, 161.245611, 0, 0, 0
16371 (policy 2): 27.008901, 832.719452, 0, 0, 0
16543 (policy 2): 29.014641, 115.806342, 0, 0, 0
16457 (policy 2): 23.410961, 830.997087, 0, 0, 0
16372 (policy 2): 24.076711, 863.700612, 0, 0, 0
16504 (policy 2): 28.737787, 155.103126, 0, 0, 0
16544 (policy 2): 25.698519, 146.364466, 0, 0, 0
16458 (policy 2): 29.381027, 856.897235, 0, 0, 0
16505 (policy 2): 17.342871, 185.981602, 0, 0, 0
16373 (policy 2): 23.280523, 892.877373, 0, 0, 0
16545 (policy 2): 28.317072, 175.824547, 0, 0, 0
16459 (policy 2): 23.285791, 887.104119, 0, 0, 0
16375 (policy 2): 20.319811, 919.242228, 0, 0, 0
16506 (policy 2): 29.483764, 205.777029, 0, 0, 0
16547 (policy 2): 19.799876, 208.008231, 0, 0, 0
16460 (policy 2): 21.883958, 912.799913, 0, 0, 0
16507 (policy 2): 19.695155, 235.649359, 0, 0, 0
16303 (policy 2): 28.538836, 1706.930970, 0, 0, 0
16549 (policy 2): 19.345121, 232.087556, 0, 0, 0
16461 (policy 2): 21.748121, 936.898681, 0, 0, 0
16508 (policy 2): 27.848244, 260.054957, 0, 0, 0
16315 (policy 2): 21.214415, 1318.804450, 0, 0, 0
16550 (policy 2): 21.883122, 253.571100, 0, 0, 0
16318 (policy 2): 21.594588, 1330.209508, 0, 0, 0
16509 (policy 2): 19.229940, 284.838062, 0, 0, 0
16316 (policy 2): 26.053637, 1341.257865, 0, 0, 0
16552 (policy 2): 19.500180, 284.018465, 0, 0, 0
16300 (policy 2): 23.948313, 1775.687337, 1, 0, 1
16511 (policy 2): 24.374532, 311.578212, 0, 0, 0
16553 (policy 2): 27.994350, 307.473059, 0, 0, 0
16513 (policy 2): 26.947959, 336.820975, 0, 0, 0
16555 (policy 2): 19.417568, 339.917895, 0, 0, 0
16462 (policy 2): 20.035626, 1046.801260, 0, 0, 0
16514 (policy 2): 18.174919, 365.617885, 0, 0, 0
16556 (policy 2): 21.467920, 362.290394, 0, 0, 0
16150 (policy 3): 100.702232, 3090.505205, 30, 0, 30
16515 (policy 2): 23.713860, 387.673380, 0, 0, 0
16464 (policy 2): 27.916463, 1074.213742, 0, 0, 0
16557 (policy 2): 23.915291, 391.318411, 0, 0, 0
16516 (policy 2): 19.298252, 411.999592, 0, 0, 0
16465 (policy 2): 30.059676, 1104.065825, 0, 0, 0
16519 (policy 2): 21.950924, 433.362728, 0, 0, 0
16624 (policy 2): 27.462052, 8.164675, 0, 0, 0
16466 (policy 2): 26.726090, 1135.464305, 0, 0, 0
16520 (policy 2): 21.783784, 457.493804, 0, 0, 0
16467 (policy 2): 27.396638, 1162.974724, 0, 0, 0
16521 (policy 2): 20.300268, 483.559417, 0, 0, 0
16625 (policy 2): 28.385664, 43.654317, 0, 0, 0
16619 (policy 2): 28.148270, 187.924213, 0, 0, 0
16468 (policy 2): 19.244246, 1191.474905, 0, 0, 0
16523 (policy 2): 19.062607, 508.354307, 0, 0, 0
16627 (policy 2): 22.682444, 72.909833, 0, 0, 0
16621 (policy 2): 24.731862, 218.858842, 0, 0, 0
16469 (policy 2): 30.995232, 1211.275100, 0, 0, 0
16524 (policy 2): 25.559893, 529.752390, 0, 0, 0
16626 (policy 2): 25.294830, 98.610419, 1, 0, 1
16615 (policy 2): 31.686357, 248.039811, 0, 0, 0
16623 (policy 2): 18.883753, 268.823597, 0, 0, 0
16470 (policy 2): 27.307655, 1243.077952, 0, 0, 0
16526 (policy 2): 30.540669, 560.532140, 0, 0, 0
16616 (policy 2): 22.743685, 281.086533, 0, 0, 0
16471 (policy 2): 22.684817, 1271.330616, 0, 0, 0
16622 (policy 2): 28.051032, 291.605337, 0, 0, 0
16527 (policy 2): 23.247155, 591.743815, 0, 0, 0
16472 (policy 2): 23.186379, 1294.816990, 0, 0, 0
16528 (policy 2): 18.330565, 617.044817, 0, 0, 0
16617 (policy 2): 22.095291, 322.045708, 0, 0, 0
16530 (policy 2): 21.977874, 636.914127, 0, 0, 0
16620 (policy 2): 21.856251, 345.757146, 0, 0, 0
16473 (policy 2): 29.099124, 1320.723873, 0, 0, 0
16669 (policy 2): 20.066939, 48.252251, 0, 0, 0
16531 (policy 2): 21.303290, 661.662640, 0, 0, 0
16628 (policy 2): 24.645910, 226.943186, 0, 0, 0
16474 (policy 2): 23.907263, 1349.976323, 0, 0, 0
16671 (policy 2): 28.436959, 79.750740, 0, 0, 0
16618 (policy 2): 16.726501, 399.375404, 1, 0, 1
16532 (policy 2): 23.162864, 684.071260, 0, 0, 0
16475 (policy 2): 21.358606, 1376.600755, 0, 0, 0
16672 (policy 2): 19.423303, 108.398280, 0, 0, 0
16533 (policy 2): 20.513985, 710.293141, 0, 0, 0
16477 (policy 2): 16.020527, 1405.759295, 0, 0, 0
16641 (policy 2): 28.274620, 258.412065, 0, 0, 0
16674 (policy 2): 19.943592, 131.660627, 0, 0, 0
16478 (policy 2): 20.994066, 1424.844879, 1, 0, 1
16535 (policy 2): 23.597974, 739.158020, 1, 0, 1
16675 (policy 2): 20.805142, 155.412938, 1, 0, 1
16479 (policy 2): 20.114728, 1442.108829, 0, 0, 0
16638 (policy 2): 22.574647, 300.530646, 1, 0, 1
16642 (policy 2): 16.651607, 303.561144, 0, 0, 0
16480 (policy 2): 21.933706, 1463.977232, 0, 0, 0
16678 (policy 2): 19.690402, 183.827538, 0, 0, 0
16537 (policy 2): 26.639812, 773.687656, 0, 0, 0
16481 (policy 2): 24.609416, 1488.948184, 0, 0, 0
16644 (policy 2): 31.525650, 327.936096, 0, 0, 0
16680 (policy 2): 25.154055, 206.373802, 0, 0, 0
16317 (policy 2): 28.129397, 1875.502565, 0, 0, 0
16483 (policy 2): 28.949694, 1516.579799, 0, 0, 0
16682 (policy 2): 25.067431, 234.338812, 0, 0, 0
16645 (policy 2): 27.530359, 363.955455, 0, 0, 0
16580 (policy 2): 22.939004, 829.755158, 0, 0, 0
16648 (policy 2): 18.776524, 397.110533, 0, 0, 0
16484 (policy 2): 22.167740, 1547.861447, 0, 0, 0
16679 (policy 2): 22.073035, 265.463343, 0, 0, 0
16500 (policy 2): 26.434730, 917.082422, 1, 0, 1
16650 (policy 2): 25.084502, 418.190886, 0, 0, 0
16485 (policy 2): 24.554191, 1572.907007, 0, 0, 0
16681 (policy 2): 22.598977, 293.079920, 0, 0, 0
16518 (policy 2): 19.198673, 900.527908, 1, 0, 1
16486 (policy 2): 27.293939, 1598.425536, 0, 0, 0
16646 (policy 2): 28.597537, 447.694612, 0, 0, 0
16683 (policy 2): 20.592249, 316.032990, 0, 0, 0
16589 (policy 2): 22.374617, 894.428220, 0, 0, 0
16487 (policy 2): 19.389880, 1626.391881, 0, 0, 0
16590 (policy 2): 20.558809, 919.762255, 0, 0, 0
16684 (policy 2): 25.427716, 338.325738, 0, 0, 0
16649 (policy 2): 27.064689, 476.804241, 1, 0, 1
16377 (policy 2): 20.695931, 1667.218171, 0, 0, 0
16659 (policy 2): 18.122704, 501.817754, 0, 0, 0
16591 (policy 2): 25.696323, 942.132418, 0, 0, 0
16686 (policy 2): 27.583320, 368.144184, 0, 0, 0
16378 (policy 2): 26.046490, 1689.598350, 0, 0, 0
16658 (policy 2): 21.310498, 523.442162, 0, 0, 0
16688 (policy 2): 22.613578, 397.322633, 0, 0, 0
16592 (policy 2): 26.683793, 973.483003, 0, 0, 0
16379 (policy 2): 23.201970, 1716.995287, 0, 0, 0
16653 (policy 2): 27.359627, 548.525226, 0, 0, 0
16593 (policy 2): 29.478378, 1002.388915, 0, 0, 0
16690 (policy 2): 23.467770, 424.429651, 0, 0, 0
16381 (policy 2): 28.831534, 1743.952961, 0, 0, 0
16654 (policy 2): 27.731925, 580.504865, 0, 0, 0
16594 (policy 2): 25.229221, 1034.595582, 0, 0, 0
16700 (policy 2): 23.487303, 456.103912, 0, 0, 0
16382 (policy 2): 24.144110, 1775.799288, 0, 0, 0
16657 (policy 2): 15.115369, 609.098461, 0, 0, 0
16595 (policy 2): 21.291645, 1063.627006, 0, 0, 0
16693 (policy 2): 23.211793, 480.530918, 0, 0, 0
16383 (policy 2): 22.380462, 1801.915842, 0, 0, 0
16656 (policy 2): 26.285976, 629.744698, 0, 0, 0
16596 (policy 2): 18.662498, 1085.174771, 0, 0, 0
16694 (policy 2): 18.446719, 505.499416, 0, 0, 0
16384 (policy 2): 26.053786, 1825.396365, 0, 0, 0
16655 (policy 2): 26.225905, 657.552337, 0, 0, 0
16695 (policy 2): 16.563928, 527.044125, 0, 0, 0
16599 (policy 2): 20.197344, 1115.861171, 0, 0, 0
16385 (policy 2): 26.607018, 1853.329441, 0, 0, 0
16699 (policy 2): 24.423258, 547.527803, 0, 0, 0
16602 (policy 2): 19.410686, 1132.575476, 0, 0, 0
16629 (policy 2): 19.832286, 720.137624, 0, 0, 0
16386 (policy 2): 19.116808, 1880.186945, 0, 0, 0
16603 (policy 2): 20.828867, 1154.910977, 0, 0, 0
16692 (policy 2): 21.561264, 574.425443, 0, 0, 0
16630 (policy 2): 18.224620, 741.907823, 0, 0, 0
16387 (policy 2): 21.185996, 1899.325086, 0, 0, 0
16698 (policy 2): 18.283077, 597.724739, 0, 0, 0
16631 (policy 2): 20.099390, 763.643497, 0, 0, 0
16605 (policy 2): 24.373260, 1179.101379, 0, 0, 0
16388 (policy 2): 17.489763, 1922.472128, 0, 0, 0
16697 (policy 2): 21.926699, 618.090705, 0, 0, 0
16632 (policy 2): 22.434701, 785.587665, 0, 0, 0
16606 (policy 2): 23.599861, 1203.979931, 0, 0, 0
16390 (policy 2): 19.628093, 1948.357921, 0, 0, 0
16633 (policy 2): 19.836778, 808.298516, 0, 0, 0
16607 (policy 2): 25.453614, 1229.859780, 0, 0, 0
16720 (policy 2): 20.000894, 651.783718, 0, 0, 0
16392 (policy 2): 24.401880, 1971.874247, 0, 0, 0
16635 (policy 2): 19.770701, 831.961297, 0, 0, 0
16608 (policy 2): 19.416544, 1260.862614, 0, 0, 0
16719 (policy 2): 24.939380, 675.211968, 0, 0, 0
16636 (policy 2): 21.165429, 841.432564, 0, 0, 0
16394 (policy 2): 24.093867, 2004.253389, 0, 0, 0
16717 (policy 2): 18.117028, 701.720340, 0, 0, 0
16609 (policy 2): 29.604164, 1281.820228, 0, 0, 0
16395 (policy 2): 29.701070, 2030.039767, 0, 0, 0
16718 (policy 2): 21.233134, 723.115790, 0, 0, 0
16651 (policy 2): 23.683717, 868.975667, 0, 0, 0
16610 (policy 2): 24.452905, 1323.225412, 0, 0, 0
16397 (policy 2): 19.757528, 2064.389641, 0, 0, 0
16716 (policy 2): 16.194070, 748.131650, 0, 0, 0
16661 (policy 2): 20.111056, 899.734997, 0, 0, 0
16611 (policy 2): 25.567645, 1349.692788, 0, 0, 0
16722 (policy 2): 21.524293, 770.421498, 0, 0, 0
16398 (policy 2): 24.199079, 2087.443463, 0, 0, 0
16662 (policy 2): 26.109146, 921.589298, 0, 0, 0
16612 (policy 2): 19.422240, 1376.264883, 0, 0, 0
16399 (policy 2): 17.243573, 2114.666348, 0, 0, 0
16724 (policy 2): 19.569745, 788.388240, 0, 0, 0
16613 (policy 2): 18.382567, 1396.706011, 0, 0, 0
16663 (policy 2): 25.527373, 946.860453, 0, 0, 0
16400 (policy 2): 25.343717, 2130.504998, 0, 0, 0
16725 (policy 2): 20.637232, 811.137572, 0, 0, 0
16512 (policy 2): 19.795580, 1452.029457, 1, 0, 1
16664 (policy 2): 15.904256, 976.326108, 0, 0, 0
16401 (policy 2): 19.480671, 2156.514927, 0, 0, 0
16729 (policy 2): 20.549476, 835.236958, 0, 0, 0
16402 (policy 2): 18.202861, 2178.438064, 0, 0, 0
16666 (policy 2): 15.828975, 1004.958395, 0, 0, 0
16601 (policy 2): 29.046032, 1442.739617, 1, 0, 1
16726 (policy 2): 19.740512, 856.124895, 0, 0, 0
16403 (policy 2): 21.826685, 2198.394601, 0, 0, 0
16668 (policy 2): 20.096013, 1028.054066, 0, 0, 0
16560 (policy 2): 20.461402, 1499.182131, 0, 0, 0
16731 (policy 2): 26.465843, 877.430744, 0, 0, 0
16404 (policy 2): 24.260920, 2223.361660, 0, 0, 0
16701 (policy 2): 24.567718, 915.455660, 0, 0, 0
16728 (policy 2): 22.108487, 905.618023, 0, 0, 0
16561 (policy 2): 18.634732, 1528.552820, 0, 0, 0
16727 (policy 2): 17.940609, 929.779312, 0, 0, 0
16405 (policy 2): 27.806797, 2247.768953, 0, 0, 0
16702 (policy 2): 21.215554, 942.581041, 0, 0, 0
16562 (policy 2): 31.608312, 1555.590187, 0, 0, 0
16730 (policy 2): 25.951290, 949.678988, 0, 0, 0
16406 (policy 2): 30.076304, 2277.961933, 0, 0, 0
16703 (policy 2): 33.189953, 967.047632, 0, 0, 0
16563 (policy 2): 20.337953, 1591.162128, 0, 0, 0
16407 (policy 2): 19.309091, 2308.758234, 0, 0, 0
16704 (policy 2): 22.442052, 1001.360367, 0, 0, 0
16564 (policy 2): 21.793123, 1613.569277, 0, 0, 0
16705 (policy 2): 22.061817, 1025.671339, 0, 0, 0
16740 (policy 2): 20.474847, 871.092975, 0, 0, 0
16411 (policy 2): 24.113312, 2343.736813, 0, 0, 0
16565 (policy 2): 28.537825, 1638.449244, 0, 0, 0
16707 (policy 2): 23.017216, 1048.965640, 0, 0, 0
16412 (policy 2): 20.785104, 2367.435665, 0, 0, 0
16742 (policy 2): 21.657138, 893.509724, 0, 0, 0
16566 (policy 2): 19.451115, 1667.522122, 0, 0, 0
16708 (policy 2): 22.926476, 1072.700948, 0, 0, 0
16739 (policy 2): 18.043047, 917.554250, 0, 0, 0
16567 (policy 2): 21.947666, 1689.020779, 0, 0, 0
16744 (policy 2): 29.349823, 799.968797, 0, 0, 0
16711 (policy 2): 33.481350, 1103.532909, 0, 0, 0
16571 (policy 2): 23.693860, 1719.743377, 0, 0, 0
16712 (policy 2): 21.553208, 1138.432827, 0, 0, 0
16745 (policy 2): 26.428278, 829.449099, 0, 0, 0
16572 (policy 2): 21.683530, 1745.665426, 0, 0, 0
16665 (policy 2): 19.917671, 1304.077582, 1, 0, 1
16747 (policy 2): 24.125256, 778.427267, 0, 0, 0
16573 (policy 2): 26.215414, 1769.137327, 0, 0, 0
16750 (policy 2): 17.381456, 805.451295, 0, 0, 0
16732 (policy 2): 26.113587, 1157.732743, 0, 0, 0
16574 (policy 2): 19.890201, 1799.450548, 0, 0, 0
16749 (policy 2): 24.326810, 826.478769, 0, 0, 0
16733 (policy 2): 30.631060, 1186.119733, 0, 0, 0
16576 (policy 2): 23.924092, 1827.357973, 0, 0, 0
16746 (policy 2): 23.456450, 851.047866, 0, 0, 0
16734 (policy 2): 21.978948, 1218.245413, 0, 0, 0
16748 (policy 2): 18.759165, 875.823276, 0, 0, 0
16575 (policy 2): 24.046442, 1859.426569, 1, 0, 1
16735 (policy 2): 21.650601, 1242.090145, 0, 0, 0
16753 (policy 2): 24.752913, 655.288744, 0, 0, 0
16578 (policy 2): 28.313450, 1891.215564, 0, 0, 0
16706 (policy 2): 25.758309, 1298.504077, 1, 0, 1
16754 (policy 2): 23.686245, 683.549091, 0, 0, 0
16579 (policy 2): 29.362872, 1925.797746, 0, 0, 0
16759 (policy 2): 26.791082, 708.523620, 0, 0, 0
16584 (policy 2): 25.413420, 1962.928429, 0, 0, 0
16756 (policy 2): 20.951280, 738.136795, 0, 0, 0
16581 (policy 2): 26.570372, 1989.851819, 0, 0, 0
16755 (policy 2): 23.365144, 763.785482, 0, 0, 0
16778 (policy 2): 23.177433, 764.446480, 0, 0, 0
16587 (policy 2): 20.512870, 2023.711163, 0, 0, 0
16771 (policy 2): 23.153997, 789.672141, 0, 0, 0
16586 (policy 2): 24.233172, 2051.779497, 1, 0, 1
16774 (policy 2): 16.881648, 815.109759, 0, 0, 0
16769 (policy 2): 26.577644, 821.402534, 0, 0, 0
16776 (policy 2): 23.305812, 836.760178, 0, 0, 0
16585 (policy 2): 20.052715, 2088.236985, 1, 0, 1
16775 (policy 2): 20.423854, 867.730599, 1, 0, 1
16780 (policy 2): 23.913147, 524.284737, 0, 0, 0
16779 (policy 2): 22.080421, 889.954191, 1, 0, 1
16781 (policy 2): 24.834425, 546.587142, 0, 0, 0
16777 (policy 2): 28.218936, 915.713100, 1, 0, 1
16785 (policy 2): 24.015370, 575.300491, 0, 0, 0
16782 (policy 2): 16.283776, 603.396760, 0, 0, 0
16760 (policy 2): 20.091808, 959.682378, 0, 0, 0
16794 (policy 2): 24.297446, 571.520225, 0, 0, 0
16787 (policy 2): 19.144026, 628.116171, 0, 0, 0
16761 (policy 2): 26.523498, 981.601286, 0, 0, 0
16797 (policy 2): 20.889548, 599.027359, 0, 0, 0
16786 (policy 2): 20.000972, 651.725138, 1, 0, 1
16762 (policy 2): 18.803573, 1009.276762, 0, 0, 0
16793 (policy 2): 23.578209, 624.022923, 0, 0, 0
16763 (policy 2): 17.741581, 1030.277495, 0, 0, 0
16792 (policy 2): 23.223799, 648.450523, 0, 0, 0
16812 (policy 2): 24.521817, 247.294280, 0, 0, 0
16795 (policy 2): 19.855500, 671.740323, 0, 0, 0
16767 (policy 2): 23.829746, 1059.582354, 0, 0, 0
16814 (policy 2): 22.045202, 277.157897, 0, 0, 0
16768 (policy 2): 16.097146, 1087.308067, 0, 0, 0
16798 (policy 2): 19.761315, 569.277974, 0, 0, 0
16766 (policy 2): 17.507767, 1106.488410, 1, 0, 1
16816 (policy 2): 23.964755, 295.933367, 0, 0, 0
16799 (policy 2): 21.626949, 591.818182, 0, 0, 0
16817 (policy 2): 20.662177, 323.738586, 0, 0, 0
16805 (policy 2): 19.704380, 616.984393, 0, 0, 0
16818 (policy 2): 22.591454, 345.366159, 0, 0, 0
16802 (policy 2): 23.197733, 637.592589, 0, 0, 0
16819 (policy 2): 24.030862, 368.308318, 0, 0, 0
16808 (policy 2): 21.850102, 666.847802, 0, 0, 0
16811 (policy 2): 21.186072, 407.697078, 1, 0, 1
16810 (policy 2): 23.088981, 693.335405, 0, 0, 0
16790 (policy 2): 24.696631, 851.190250, 0, 0, 0
16803 (policy 2): 17.734101, 719.017836, 0, 0, 0
16791 (policy 2): 21.841735, 877.788507, 0, 0, 0
16804 (policy 2): 18.885715, 738.457625, 0, 0, 0
16789 (policy 2): 18.487367, 901.315695, 0, 0, 0
16807 (policy 2): 24.940738, 760.139211, 0, 0, 0
16806 (policy 2): 24.822155, 787.988922, 0, 0, 0
16820 (policy 2): 22.492051, 463.383778, 1, 0, 1
16821 (policy 2): 21.045445, 488.736976, 0, 0, 0
16800 (policy 2): 26.726045, 814.199232, 0, 0, 0
16801 (policy 2): 25.944851, 842.861139, 1, 0, 1
16809 (policy 2): 26.560147, 874.837492, 2, 0, 2
16826 (policy 2): 24.816474, 531.438723, 0, 0, 0
15849 (policy 3): 55.723608, 6055.312046, 44, 0, 44
16827 (policy 2): 21.694718, 558.478930, 0, 0, 0
16824 (policy 2): 24.626318, 576.132280, 1, 0, 1
16829 (policy 2): 20.929474, 602.393520, 0, 0, 0
16835 (policy 2): 24.113176, 532.045397, 0, 0, 0
16831 (policy 2): 24.015335, 631.266981, 0, 0, 0
16834 (policy 2): 28.055470, 563.983462, 2, 0, 2
16832 (policy 2): 24.242123, 658.997715, 0, 0, 0
16836 (policy 2): 24.311574, 596.085463, 3, 0, 3
16828 (policy 2): 24.771845, 691.307082, 1, 0, 1
16171 (policy 3): 65.908270, 6176.747716, 24, 0, 24
16166 (policy 3): 81.881704, 7082.383559, 23, 0, 23
16220 (policy 3): 204.591179, 7092.277413, 68, 0, 68
16035 (policy 3): 58.721926, 7882.552853, 15, 0, 15
16421 (policy 3): 75.989482, 5268.312018, 32, 0, 32
15985 (policy 3): 56.929629, 8201.461496, 16, 0, 16
16059 (policy 3): 70.322224, 8330.087153, 19, 0, 19
15914 (policy 3): 73.439031, 8372.140142, 19, 0, 19
16157 (policy 3): 96.315493, 7883.590084, 33, 0, 33
16101 (policy 3): 96.995865, 8692.600592, 23, 0, 23
16056 (policy 3): 71.973220, 8823.104020, 20, 0, 20
16796 (policy 3): 56.873927, 4174.810771, 16, 0, 16
16330 (policy 3): 99.756095, 6553.096759, 34, 0, 34
15983 (policy 3): 95.995123, 9387.657734, 25, 0, 25
16102 (policy 3): 112.488743, 9437.067954, 29, 0, 29
16314 (policy 3): 80.151541, 7123.873841, 22, 0, 22
16660 (policy 3): 72.541432, 5624.462613, 24, 0, 24
16542 (policy 3): 83.993959, 6073.157109, 24, 0, 24
16647 (policy 3): 73.271567, 5642.965356, 19, 0, 19
16422 (policy 3): 106.925437, 6897.297643, 31, 0, 31
16079 (policy 3): 129.329705, 9597.198539, 39, 0, 39
16191 (policy 3): 101.519528, 9029.168900, 31, 0, 31
15901 (policy 3): 85.269581, 9701.109370, 25, 0, 25
16362 (policy 3): 83.463489, 7108.348267, 23, 0, 23
16736 (policy 3): 85.211303, 5834.080894, 25, 0, 25
16784 (policy 3): 83.675760, 4979.846311, 21, 0, 21
16408 (policy 3): 83.509732, 7312.698706, 21, 0, 21
16027 (policy 3): 87.546724, 10193.520838, 23, 0, 23
16272 (policy 3): 100.494685, 8331.412089, 36, 0, 36
16498 (policy 3): 106.262950, 7128.455196, 27, 0, 27
16529 (policy 3): 99.083555, 6993.947815, 33, 0, 33
16396 (policy 3): 93.481928, 7727.771610, 25, 0, 25
16825 (policy 3): 87.351019, 5057.075187, 29, 0, 29
15846 (policy 3): 158.013786, 10565.222525, 56, 0, 56
16598 (policy 3): 113.942226, 7825.954882, 30, 0, 30
16833 (policy 3): 116.930509, 5854.673992, 36, 0, 36
16233 (policy 3): 114.663323, 10829.828770, 35, 0, 35
16536 (policy 3): 117.336056, 7993.591733, 33, 0, 33
16830 (policy 3): 121.177491, 6026.290641, 33, 0, 33
16770 (policy 3): 108.283764, 6959.864690, 39, 0, 39
15952 (policy 3): 152.352687, 11700.445071, 39, 0, 39
15931 (policy 3): 153.204751, 11739.497868, 42, 0, 42
16237 (policy 3): 140.059762, 9960.568538, 34, 0, 34
16758 (policy 3): 116.074820, 7247.225676, 31, 0, 31
16715 (policy 3): 130.766938, 7913.820802, 35, 0, 35
15838 (policy 3): 152.505490, 11935.254476, 42, 0, 42
15953 (policy 3): 163.456326, 12120.573661, 41, 0, 41
16673 (policy 3): 141.202518, 8258.871268, 45, 0, 45
16374 (policy 3): 144.976580, 9571.353415, 36, 0, 36
15990 (policy 3): 157.140806, 12349.586088, 41, 0, 41
16344 (policy 3): 168.735219, 9735.787866, 52, 0, 52
16103 (policy 3): 168.519051, 12441.291150, 52, 0, 52
16815 (policy 3): 149.009473, 7079.163722, 40, 0, 40
16193 (policy 3): 144.314633, 12101.772897, 41, 0, 41
16077 (policy 3): 198.956907, 12819.379981, 55, 0, 55
16741 (policy 3): 139.726613, 8699.807631, 54, 0, 54
16569 (policy 3): 155.120956, 9492.732562, 44, 0, 44
16118 (policy 3): 169.361788, 12963.801540, 48, 0, 48
16309 (policy 3): 177.916286, 10823.003476, 47, 0, 47
16583 (policy 3): 165.194943, 9875.099698, 41, 0, 41
16159 (policy 3): 200.587474, 12646.800014, 64, 0, 64
16482 (policy 3): 173.620638, 10592.182895, 50, 0, 50
16765 (policy 3): 151.037553, 8733.031693, 42, 0, 42
16772 (policy 3): 168.552617, 8743.645387, 48, 0, 48
16031 (policy 3): 198.203806, 13510.875950, 56, 0, 56
16597 (policy 3): 184.107806, 10431.838249, 51, 0, 51
16376 (policy 3): 195.864186, 11392.051732, 60, 0, 60
16099 (policy 3): 233.661572, 14124.471119, 63, 0, 63
16534 (policy 3): 194.299359, 10784.854478, 58, 0, 58
16713 (policy 3): 197.526173, 10286.790005, 56, 0, 56
16152 (policy 3): 310.678478, 13600.904279, 90, 0, 90
16570 (policy 3): 202.739932, 10937.065128, 64, 0, 64
16130 (policy 3): 191.578937, 14497.025905, 60, 0, 60
16488 (policy 3): 220.756113, 11266.795110, 66, 0, 66
16409 (policy 3): 204.493924, 11823.965701, 54, 0, 54
16440 (policy 3): 219.780284, 11855.988843, 67, 0, 67
16203 (policy 3): 198.538998, 14071.842716, 56, 0, 56
16391 (policy 3): 210.452796, 12009.958586, 56, 0, 56
15917 (policy 3): 238.751226, 14718.648160, 62, 0, 62
16614 (policy 3): 230.331083, 11215.594207, 75, 0, 75
16070 (policy 3): 285.069105, 14941.630957, 82, 0, 82
15842 (policy 3): 246.738484, 14988.774028, 68, 0, 68
16199 (policy 3): 209.147794, 14396.784917, 84, 0, 84
16287 (policy 3): 232.136649, 13176.203876, 63, 0, 63
16783 (policy 3): 227.087546, 10085.400009, 66, 0, 66
16822 (policy 3): 207.316819, 9674.678101, 60, 0, 60
16039 (policy 3): 219.087320, 15242.184616, 66, 0, 66
16455 (policy 3): 234.099158, 12441.505040, 59, 0, 59
16281 (policy 3): 246.911733, 13444.934301, 75, 0, 75
16042 (policy 3): 227.561250, 15449.415217, 85, 0, 85
16021 (policy 3): 227.022639, 15478.484154, 68, 0, 68
15865 (policy 3): 306.261797, 15572.885716, 99, 0, 99
16018 (policy 3): 236.173082, 15685.302855, 68, 0, 68
16689 (policy 3): 253.295610, 11686.715787, 84, 0, 84
16676 (policy 3): 251.625032, 11788.398129, 71, 0, 71
16389 (policy 3): 247.246719, 13121.347587, 68, 0, 68
16752 (policy 3): 224.574045, 11111.010059, 76, 0, 76
16604 (policy 3): 251.872001, 12504.419798, 69, 0, 69
16652 (policy 3): 253.295478, 12088.522575, 69, 0, 69
16129 (policy 3): 282.088157, 15946.570336, 91, 0, 91
16640 (policy 3): 257.096796, 12166.458745, 69, 0, 69
16710 (policy 3): 257.408572, 12043.184902, 76, 0, 76
16026 (policy 3): 255.830097, 16173.357789, 103, 0, 103
16022 (policy 3): 255.886521, 16177.447084, 123, 0, 123
16243 (policy 3): 271.667264, 14317.123369, 70, 0, 70
16517 (policy 3): 259.866794, 13052.130625, 75, 0, 75
16006 (policy 3): 296.811886, 16429.489385, 78, 0, 78
16147 (policy 3): 272.908893, 15906.807522, 75, 0, 75
16546 (policy 3): 301.477955, 13167.117764, 110, 0, 110
16764 (policy 3): 267.422128, 12021.242183, 64, 0, 64
16302 (policy 3): 288.667696, 14751.743534, 73, 0, 73
16723 (policy 3): 289.076140, 12706.975427, 84, 0, 84
16525 (policy 3): 288.083925, 13395.836818, 76, 0, 76
16539 (policy 3): 305.786292, 13386.497725, 87, 0, 87
16496 (policy 3): 308.530970, 13594.295530, 93, 0, 93
16691 (policy 3): 306.568578, 13121.621847, 87, 0, 87
16313 (policy 3): 314.827160, 14861.116560, 80, 0, 80
16452 (policy 3): 313.666622, 14517.539226, 88, 0, 88
16004 (policy 3): 331.494986, 17227.328643, 93, 0, 93
16721 (policy 3): 320.402769, 13332.167067, 88, 0, 88
16757 (policy 3): 300.631796, 12786.936085, 91, 0, 91
15919 (policy 3): 341.546325, 17443.962939, 96, 0, 96
16081 (policy 3): 333.081319, 17487.010271, 90, 0, 90
16714 (policy 3): 328.173949, 13476.585057, 93, 0, 93
16424 (policy 3): 341.634210, 14806.499919, 99, 0, 99
16685 (policy 3): 330.859828, 13549.378168, 96, 0, 96
16428 (policy 3): 365.500072, 15066.626187, 118, 0, 118
15995 (policy 3): 350.043599, 17832.295066, 90, 0, 90
16284 (policy 3): 352.392615, 15935.519829, 100, 0, 100
16751 (policy 3): 322.700252, 13205.489713, 104, 0, 104
16788 (policy 3): 344.934874, 12870.787084, 98, 0, 98
16558 (policy 3): 367.445324, 14676.303398, 123, 0, 123
15879 (policy 3): 388.698196, 18185.877748, 103, 0, 103
16158 (policy 3): 400.512335, 17558.952557, 125, 0, 125
15941 (policy 3): 385.749170, 18239.689951, 99, 0, 99
16677 (policy 3): 370.077755, 14241.982425, 104, 0, 104
16582 (policy 3): 377.864383, 14966.649847, 101, 0, 101
16256 (policy 3): 387.214069, 16497.363015, 110, 0, 110
16503 (policy 3): 392.185481, 15071.352835, 103, 0, 103
15948 (policy 3): 398.347887, 18453.644817, 103, 0, 103
16510 (policy 3): 372.674548, 15167.385045, 138, 0, 138
16548 (policy 3): 408.040472, 15132.009285, 148, 0, 148
15994 (policy 3): 393.050334, 18581.408162, 96, 0, 96
15961 (policy 3): 398.537146, 18661.070919, 104, 0, 104
16670 (policy 3): 410.261048, 14642.552924, 135, 0, 135
16010 (policy 3): 427.868402, 18878.132993, 110, 0, 110
16634 (policy 3): 414.388017, 15053.897389, 109, 0, 109
15910 (policy 3): 436.052425, 18969.562802, 119, 0, 119
16696 (policy 3): 429.337519, 15051.363744, 134, 0, 134
16144 (policy 3): 483.937095, 18852.860399, 178, 0, 178
16333 (policy 3): 451.265923, 16394.690579, 152, 0, 152
16135 (policy 3): 433.152175, 19015.855254, 110, 0, 110
16367 (policy 3): 439.436359, 16508.915398, 121, 0, 121
15969 (policy 3): 461.198558, 19311.755500, 122, 0, 122
16433 (policy 3): 463.841949, 16632.148261, 133, 0, 133
16667 (policy 3): 458.324085, 15601.960260, 135, 0, 135
16107 (policy 3): 489.927453, 19491.972687, 128, 0, 128
16637 (policy 3): 468.919519, 15734.176032, 130, 0, 130
16554 (policy 3): 475.850176, 16208.622072, 146, 0, 146
15903 (policy 3): 467.321408, 19670.496956, 143, 0, 143
16057 (policy 3): 545.355204, 19601.946121, 172, 0, 172
16338 (policy 3): 502.578812, 17002.162428, 151, 0, 151
16600 (policy 3): 489.304359, 16338.919722, 135, 0, 135
16292 (policy 3): 483.910544, 17884.502987, 121, 0, 121
16559 (policy 3): 514.538446, 16409.987636, 156, 0, 156
16426 (policy 3): 522.717224, 17161.290416, 156, 0, 156
16286 (policy 3): 499.486343, 18023.966688, 135, 0, 135
16737 (policy 3): 490.517492, 15825.257269, 156, 0, 156
16738 (policy 3): 487.261611, 15812.518628, 137, 0, 137
16444 (policy 3): 512.220799, 17307.233367, 133, 0, 133
16813 (policy 3): 526.647378, 14548.737113, 153, 1, 152
16687 (policy 3): 536.232272, 16036.688914, 169, 0, 169
16167 (policy 3): 516.899998, 19462.252810, 184, 0, 184
16577 (policy 3): 532.819163, 16711.421572, 148, 0, 148
16052 (policy 3): 536.179504, 20199.324395, 136, 0, 136
16217 (policy 3): 547.313562, 19626.542095, 148, 0, 148
16568 (policy 3): 574.353362, 16829.092378, 163, 0, 163
16823 (policy 3): 544.383450, 14794.212835, 207, 0, 207
16522 (policy 3): 547.376419, 16932.291594, 144, 0, 144
16114 (policy 3): 580.687107, 20344.738242, 173, 0, 173
16709 (policy 3): 573.035332, 16351.790877, 151, 0, 151
16476 (policy 3): 586.309079, 17672.233959, 162, 0, 162
16393 (policy 3): 584.623224, 17712.022896, 165, 0, 165
16213 (policy 3): 581.698450, 19804.303825, 221, 0, 221
16230 (policy 3): 582.651890, 19806.136688, 149, 0, 149
15940 (policy 3): 598.979146, 20441.643134, 157, 0, 157
16643 (policy 3): 590.172751, 16567.942403, 169, 0, 169
15920 (policy 3): 614.799886, 20443.612221, 172, 0, 172
16495 (policy 3): 612.585906, 17230.400628, 178, 0, 178
16048 (policy 3): 599.731759, 20482.314178, 251, 0, 251
16410 (policy 3): 604.977611, 17763.018049, 173, 0, 173
16352 (policy 3): 604.322966, 17795.716919, 182, 0, 182
16435 (policy 3): 618.750030, 17753.930843, 177, 0, 177
16639 (policy 3): 611.541607, 16619.729499, 157, 0, 157
16551 (policy 3): 615.897554, 17068.350467, 181, 0, 181
16380 (policy 3): 625.335986, 17777.683082, 179, 0, 179
16323 (policy 3): 615.264633, 17867.943704, 159, 0, 159
16188 (policy 3): 610.535386, 19892.018520, 163, 0, 163
15936 (policy 3): 628.029849, 20509.023406, 160, 0, 160
16319 (policy 3): 643.053972, 18138.219036, 166, 0, 166
16463 (policy 3): 615.819672, 17796.892290, 206, 0, 206
15963 (policy 3): 620.981318, 20523.313777, 159, 0, 159
16441 (policy 3): 625.234616, 17798.768185, 155, 0, 155
16773 (policy 3): 656.437279, 15848.219647, 216, 0, 216
