20617, 0, 17.852992, 1663.275265, 13, 0, 13
20655, 0, 17.862885, 1767.432110, 5, 0, 5
20657, 0, 17.339389, 1878.503339, 7, 0, 7
20692, 0, 19.667576, 2029.027029, 5, 0, 5
20783, 0, 16.548270, 2615.288531, 6, 0, 6
20632, 0, 16.827557, 2624.659419, 6, 0, 6
20656, 0, 21.207878, 2686.747704, 11, 0, 11
20618, 0, 23.507382, 2693.689723, 20, 0, 20
20899, 0, 15.284505, 2733.089410, 4, 0, 4
20796, 0, 17.408438, 2742.268427, 4, 0, 4
20841, 0, 16.956454, 2769.217322, 5, 0, 5
21023, 0, 16.223878, 2680.166395, 4, 0, 4
20735, 0, 17.775724, 2807.534879, 6, 0, 6
20626, 0, 18.463423, 2842.418691, 6, 0, 6
20937, 0, 16.274922, 2766.655570, 9, 0, 9
20633, 0, 18.634728, 2881.976234, 6, 0, 6
20639, 0, 20.002703, 2884.524130, 6, 0, 6
20647, 0, 18.841785, 2945.872208, 6, 0, 6
20784, 0, 19.852571, 2947.910315, 4, 0, 4
20634, 0, 18.953286, 2965.826653, 6, 0, 6
20970, 0, 16.176474, 2885.639337, 4, 0, 4
20736, 0, 18.238815, 2998.975019, 6, 0, 6
20654, 0, 19.197411, 3017.328056, 8, 0, 8
20782, 0, 18.574956, 3069.252837, 5, 0, 5
21006, 0, 17.807087, 2998.896735, 4, 0, 4
21004, 0, 17.955093, 3014.865310, 9, 0, 9
20794, 0, 18.829880, 3108.965319, 5, 0, 5
20658, 0, 22.661593, 3109.527084, 10, 0, 10
20788, 0, 18.875635, 3121.170955, 5, 0, 5
20807, 0, 20.715286, 3126.339322, 5, 0, 5
21008, 0, 17.992357, 3059.158788, 4, 0, 4
20672, 0, 16.727708, 3155.023370, 5, 0, 5
20974, 0, 16.757005, 3073.728292, 4, 0, 4
20623, 0, 19.486748, 3174.057979, 7, 0, 7
20645, 0, 19.603291, 3181.110221, 6, 0, 6
20879, 0, 16.694672, 3184.218184, 4, 0, 4
20739, 0, 19.199903, 3206.163331, 5, 0, 5
20926, 0, 17.509231, 3129.880995, 5, 0, 5
20628, 0, 19.851829, 3233.069797, 6, 0, 6
20820, 0, 18.594182, 3248.953537, 4, 0, 4
20858, 0, 17.922576, 3252.053372, 4, 0, 4
20923, 0, 20.830349, 3169.665020, 4, 0, 4
20942, 0, 17.898301, 3185.752962, 9, 0, 9
20866, 0, 17.414183, 3289.254817, 4, 0, 4
20960, 0, 17.909110, 3204.433058, 11, 0, 11
20786, 0, 19.806653, 3315.788391, 5, 0, 5
20935, 0, 18.294221, 3252.948562, 5, 0, 5
20637, 0, 22.798398, 3345.772347, 6, 0, 6
20968, 0, 17.710270, 3268.479871, 4, 0, 4
20648, 0, 20.817562, 3379.819083, 19, 0, 19
20865, 0, 17.976974, 3375.800475, 5, 0, 5
20824, 0, 19.180348, 3383.358664, 6, 0, 6
20831, 0, 19.015926, 3384.313739, 4, 0, 4
20635, 0, 20.847130, 3387.818651, 5, 0, 5
20801, 0, 20.136240, 3387.481253, 6, 0, 6
20958, 0, 18.701358, 3311.780634, 4, 0, 4
20898, 0, 17.326668, 3403.052163, 4, 0, 4
20676, 0, 18.104943, 3425.563225, 4, 0, 4
20750, 0, 20.422540, 3424.538287, 7, 0, 7
20652, 0, 21.183754, 3439.144779, 7, 0, 7
20644, 0, 21.203268, 3440.247675, 7, 0, 7
20713, 0, 18.241410, 3443.965641, 4, 0, 4
20910, 0, 19.008574, 3365.190193, 4, 0, 4
20646, 0, 21.301628, 3464.191002, 6, 0, 6
20673, 0, 18.377707, 3465.762899, 5, 0, 5
20916, 0, 19.058325, 3380.995495, 12, 0, 12
20636, 0, 21.373398, 3479.384983, 6, 0, 6
21005, 0, 19.851644, 3384.935629, 6, 0, 6
21022, 0, 19.368225, 3386.538895, 5, 0, 5
20909, 0, 19.169798, 3401.085506, 4, 0, 4
20630, 0, 21.495289, 3492.043325, 6, 0, 6
20772, 0, 20.798053, 3488.004757, 5, 0, 5
20972, 0, 18.485303, 3399.772957, 4, 0, 4
20631, 0, 21.581680, 3499.753633, 15, 0, 15
20971, 0, 18.714425, 3415.124036, 5, 0, 5
20714, 0, 19.975584, 3510.210089, 5, 0, 5
20705, 0, 18.798171, 3515.664274, 5, 0, 5
20732, 0, 21.074745, 3516.748854, 5, 0, 5
21020, 0, 21.516309, 3427.582341, 5, 0, 5
20837, 0, 19.608530, 3534.682608, 4, 0, 4
20689, 0, 18.978503, 3539.908794, 5, 0, 5
20836, 0, 19.721606, 3546.836570, 5, 0, 5
20848, 0, 19.472243, 3547.112192, 6, 0, 6
20914, 0, 19.650404, 3460.374414, 5, 0, 5
20985, 0, 18.854235, 3462.988765, 4, 0, 4
20915, 0, 19.700909, 3476.253609, 5, 0, 5
20888, 0, 18.468627, 3566.795051, 8, 0, 8
20810, 0, 21.628612, 3569.402950, 11, 0, 11
20694, 0, 19.348542, 3588.503350, 4, 0, 4
20890, 0, 18.689968, 3593.936610, 7, 0, 7
20789, 0, 21.441245, 3594.058828, 5, 0, 5
21054, 0, 15.668772, 3119.661461, 5, 0, 5
20844, 0, 20.259299, 3625.761049, 5, 0, 5
21024, 0, 20.141743, 3544.527320, 5, 0, 5
20731, 0, 21.619385, 3647.903745, 6, 0, 6
20882, 0, 19.248316, 3645.696251, 5, 0, 5
20710, 0, 19.415919, 3658.915135, 5, 0, 5
21002, 0, 20.916283, 3568.097328, 5, 0, 5
20745, 0, 20.927390, 3672.546846, 7, 0, 7
20743, 0, 20.931855, 3684.132424, 8, 0, 8
20775, 0, 21.785096, 3690.480099, 5, 0, 5
21010, 0, 20.874035, 3616.156121, 5, 0, 5
21018, 0, 20.645867, 3619.875485, 6, 0, 6
21012, 0, 20.859029, 3628.297770, 5, 0, 5
20711, 0, 19.536389, 3743.127617, 5, 0, 5
20779, 0, 21.951464, 3745.795238, 6, 0, 6
20799, 0, 22.040278, 3765.761473, 6, 0, 6
20707, 0, 19.598604, 3784.090074, 6, 0, 6
20827, 0, 21.278329, 3789.267461, 5, 0, 5
20675, 0, 19.739201, 3819.560768, 5, 0, 5
20690, 0, 19.768788, 3823.892630, 5, 0, 5
20640, 0, 22.353833, 3826.908765, 7, 0, 7
20947, 0, 20.076661, 3738.384928, 5, 0, 5
20755, 0, 21.314527, 3827.727852, 8, 0, 8
20776, 0, 22.278385, 3834.955838, 6, 0, 6
20867, 0, 20.316901, 3841.126812, 5, 0, 5
21056, 0, 17.280877, 3365.676958, 4, 0, 4
20747, 0, 21.465566, 3852.077865, 11, 0, 11
20993, 0, 19.527947, 3769.713555, 5, 0, 5
20753, 0, 21.527277, 3859.493503, 11, 0, 11
21122, 0, 16.488290, 3436.840786, 5, 0, 5
20984, 0, 20.104920, 3834.757341, 6, 0, 6
20627, 0, 22.849621, 3927.405310, 9, 0, 9
20927, 0, 20.583799, 3838.076246, 7, 0, 7
20956, 0, 20.705407, 3841.716322, 12, 0, 12
20728, 0, 21.140939, 3932.487458, 5, 0, 5
20884, 0, 20.133449, 3933.409301, 5, 0, 5
20954, 0, 20.750151, 3849.607192, 18, 0, 18
20802, 0, 22.557170, 3940.813560, 6, 0, 6
20620, 0, 20.047609, 3957.427628, 12, 0, 12
20988, 0, 20.079849, 3881.206599, 5, 0, 5
20785, 0, 22.638700, 3973.227307, 6, 0, 6
20840, 0, 21.557888, 3980.536037, 5, 0, 5
20987, 0, 20.230022, 3901.268969, 5, 0, 5
20967, 0, 20.554466, 3902.005443, 5, 0, 5
20659, 0, 20.602839, 4007.595767, 5, 0, 5
20944, 0, 20.980748, 3921.898346, 5, 0, 5
20953, 0, 21.000999, 3933.374300, 11, 0, 11
20873, 0, 16.673836, 3132.577338, 4, 0, 4
20666, 0, 20.721998, 4042.840093, 7, 0, 7
20765, 0, 22.919667, 4041.860120, 6, 0, 6
20877, 0, 20.663628, 4044.721568, 7, 0, 7
20768, 0, 22.938688, 4045.786959, 7, 0, 7
20853, 0, 21.394834, 4052.551739, 5, 0, 5
20969, 0, 20.859298, 3969.534347, 5, 0, 5
20917, 0, 21.123716, 3970.385111, 5, 0, 5
20891, 0, 20.391855, 4060.181960, 5, 0, 5
20709, 0, 21.026937, 4081.108516, 5, 0, 5
20660, 0, 21.058340, 4091.583665, 5, 0, 5
20754, 0, 22.560683, 4089.448259, 7, 0, 7
20814, 0, 22.655569, 4085.104833, 7, 0, 7
20845, 0, 21.795485, 4100.294404, 10, 0, 10
20724, 0, 21.126204, 4112.691335, 5, 0, 5
20703, 0, 21.142103, 4114.053242, 5, 0, 5
20955, 0, 21.388115, 4025.217296, 5, 0, 5
20624, 0, 25.373800, 4119.684019, 7, 0, 7
20994, 0, 20.694355, 4041.483562, 5, 0, 5
20700, 0, 21.230085, 4137.555152, 5, 0, 5
20787, 0, 23.434476, 4136.118801, 6, 0, 6
20893, 0, 20.610537, 4135.957878, 5, 0, 5
20876, 0, 21.156636, 4152.263335, 5, 0, 5
20737, 0, 23.529823, 4157.744803, 7, 0, 7
20860, 0, 23.094687, 4154.421862, 5, 0, 5
20800, 0, 23.551628, 4160.039679, 6, 0, 6
20701, 0, 21.343384, 4165.416288, 5, 0, 5
20729, 0, 23.581396, 4170.657497, 7, 0, 7
20896, 0, 20.816765, 4175.905951, 6, 0, 6
20828, 0, 22.827409, 4188.375644, 6, 0, 6
20934, 0, 21.990067, 4101.742165, 8, 0, 8
21015, 0, 22.565076, 4098.729660, 6, 0, 6
20833, 0, 22.733979, 4199.714390, 7, 0, 7
20855, 0, 22.129962, 4211.920812, 7, 0, 7
20905, 0, 21.085699, 4213.437490, 6, 0, 6
20720, 0, 21.806768, 4224.476718, 8, 0, 8
20830, 0, 23.005169, 4227.823238, 6, 0, 6
20629, 0, 24.519216, 4236.278416, 7, 0, 7
20669, 0, 21.880654, 4245.722466, 6, 0, 6
21086, 0, 17.477061, 3760.693414, 4, 0, 4
21028, 0, 19.125258, 3768.907481, 4, 0, 4
21045, 0, 18.989883, 3772.381744, 4, 0, 4
21049, 0, 16.907196, 3774.542174, 4, 0, 4
20957, 0, 22.376228, 4167.999829, 11, 0, 11
20868, 0, 21.999337, 4255.374668, 5, 0, 5
20643, 0, 24.668877, 4263.956440, 7, 0, 7
20671, 0, 21.944547, 4269.626535, 6, 0, 6
20680, 0, 22.021314, 4281.105660, 5, 0, 5
20722, 0, 23.323175, 4282.831289, 5, 0, 5
20795, 0, 24.143862, 4279.610678, 9, 0, 9
20619, 0, 30.848004, 4290.866599, 24, 0, 24
20679, 0, 22.146971, 4305.084799, 5, 0, 5
20832, 0, 23.204189, 4299.236906, 6, 0, 6
20864, 0, 22.312602, 4300.674184, 5, 0, 5
20677, 0, 22.224242, 4317.380533, 5, 0, 5
20912, 0, 22.676153, 4229.338662, 6, 0, 6
20727, 0, 22.855867, 4327.217681, 6, 0, 6
20641, 0, 25.064450, 4335.443925, 7, 0, 7
20684, 0, 22.307155, 4340.705660, 6, 0, 6
20726, 0, 22.337431, 4341.516444, 5, 0, 5
21081, 0, 17.855150, 3860.571508, 5, 0, 5
20886, 0, 25.001272, 4339.838096, 6, 0, 6
20842, 0, 23.332497, 4351.060458, 6, 0, 6
20822, 0, 26.136128, 4352.670047, 8, 0, 8
20819, 0, 24.051714, 4359.215368, 7, 0, 7
20943, 0, 22.989178, 4276.350094, 5, 0, 5
21113, 0, 18.934785, 3886.904444, 5, 0, 5
20959, 0, 23.025017, 4283.182656, 8, 0, 8
20998, 0, 24.084252, 4285.089897, 6, 0, 6
20979, 0, 22.605974, 4291.137138, 8, 0, 8
20939, 0, 23.085102, 4291.861792, 6, 0, 6
20621, 0, 23.881263, 4389.262902, 6, 0, 6
20702, 0, 22.764834, 4392.029209, 10, 0, 10
20838, 0, 23.756755, 4394.517372, 6, 0, 6
20851, 0, 23.445398, 4406.631523, 7, 0, 7
20781, 0, 24.922860, 4407.077351, 6, 0, 6
20952, 0, 23.293236, 4319.461162, 6, 0, 6
21124, 0, 18.868946, 3934.095079, 5, 0, 5
20997, 0, 24.419774, 4332.688784, 11, 0, 11
20665, 0, 22.937067, 4432.857457, 5, 0, 5
21091, 0, 18.635866, 3947.432446, 5, 0, 5
21098, 0, 19.601366, 3950.100949, 7, 0, 7
20812, 0, 24.014246, 4435.074058, 7, 0, 7
20798, 0, 25.083078, 4434.359001, 7, 0, 7
20854, 0, 23.572194, 4438.234087, 6, 0, 6
20921, 0, 23.468370, 4352.042214, 6, 0, 6
21134, 0, 18.699202, 3970.241220, 8, 0, 8
20861, 0, 23.732955, 4450.832347, 5, 0, 5
20826, 0, 24.518925, 4458.475733, 6, 0, 6
21029, 0, 18.386875, 3993.645805, 5, 0, 5
20704, 0, 23.130680, 4479.353207, 13, 0, 13
20995, 0, 24.749153, 4384.565482, 5, 0, 5
20949, 0, 23.604686, 4387.103713, 6, 0, 6
21099, 0, 21.858554, 3995.936736, 4, 0, 4
20759, 0, 24.660409, 4483.914488, 9, 0, 9
20663, 0, 23.192649, 4496.499621, 7, 0, 7
20850, 0, 24.227527, 4489.781801, 6, 0, 6
20930, 0, 23.701989, 4407.644983, 8, 0, 8
20687, 0, 23.300964, 4504.607272, 7, 0, 7
21021, 0, 24.100150, 4409.221400, 6, 0, 6
20815, 0, 25.153671, 4502.211005, 9, 0, 9
20903, 0, 22.960047, 4505.471515, 6, 0, 6
20685, 0, 23.319124, 4511.701945, 7, 0, 7
20674, 0, 23.597150, 4515.820847, 6, 0, 6
21133, 0, 18.969346, 4037.913730, 7, 0, 7
20730, 0, 25.589352, 4520.198843, 10, 0, 10
21110, 0, 20.005225, 4045.582269, 4, 0, 4
20889, 0, 23.185496, 4529.595534, 6, 0, 6
21139, 0, 18.917042, 4061.949160, 5, 0, 5
20748, 0, 24.977096, 4548.158096, 7, 0, 7
20825, 0, 25.056288, 4553.696398, 6, 0, 6
20774, 0, 25.766136, 4554.386014, 6, 0, 6
20846, 0, 24.531503, 4561.349811, 6, 0, 6
21096, 0, 20.445452, 4093.950265, 5, 0, 5
20725, 0, 23.577591, 4582.053424, 9, 0, 9
20961, 0, 24.062677, 4494.099351, 7, 0, 7
20975, 0, 23.648473, 4494.064105, 6, 0, 6
20821, 0, 25.341788, 4589.975044, 7, 0, 7
20752, 0, 25.231513, 4595.822530, 8, 0, 8
21078, 0, 19.254918, 4115.795052, 6, 0, 6
20981, 0, 23.714609, 4526.050114, 5, 0, 5
20919, 0, 24.155640, 4527.569748, 6, 0, 6
20885, 0, 23.832072, 4617.180517, 6, 0, 6
21011, 0, 25.029785, 4531.992314, 7, 0, 7
20973, 0, 23.895518, 4538.272072, 6, 0, 6
20906, 0, 26.063873, 4625.130564, 6, 0, 6
20920, 0, 24.301839, 4543.237823, 13, 0, 13
20817, 0, 25.697442, 4633.448565, 13, 0, 13
21040, 0, 19.174034, 4158.161662, 5, 0, 5
20780, 0, 26.198956, 4646.219715, 7, 0, 7
20670, 0, 24.019268, 4667.874863, 7, 0, 7
21101, 0, 20.796688, 4189.052884, 5, 0, 5
20989, 0, 23.771387, 4594.065007, 6, 0, 6
21019, 0, 25.034071, 4599.553982, 6, 0, 6
21108, 0, 20.756116, 4217.177337, 6, 0, 6
20797, 0, 26.534093, 4732.856215, 6, 0, 6
20791, 0, 26.572242, 4745.268090, 9, 0, 9
20938, 0, 24.640286, 4658.638411, 8, 0, 8
20983, 0, 24.236827, 4657.636650, 6, 0, 6
20907, 0, 24.692347, 4667.811938, 6, 0, 6
20990, 0, 24.103682, 4665.667809, 6, 0, 6
21013, 0, 25.549534, 4663.771517, 6, 0, 6
20941, 0, 24.739800, 4670.508808, 6, 0, 6
20992, 0, 24.142128, 4681.558800, 6, 0, 6
20813, 0, 27.139716, 4769.369832, 6, 0, 6
20769, 0, 26.749652, 4777.901133, 8, 0, 8
20695, 0, 24.753646, 4785.813464, 7, 0, 7
21016, 0, 25.761821, 4710.795212, 8, 0, 8
20719, 0, 24.937397, 4808.954422, 10, 0, 10
20940, 0, 25.020360, 4746.159156, 15, 0, 15
20908, 0, 25.020834, 4748.782347, 13, 0, 13
21087, 0, 20.874199, 4357.070410, 13, 0, 13
20756, 0, 26.630760, 4850.376658, 9, 0, 9
21282, 0, 15.757228, 3768.907226, 4, 0, 4
21123, 0, 21.148053, 4379.899773, 6, 0, 6
20946, 0, 25.093989, 4778.587578, 14, 0, 14
21097, 0, 21.834135, 4392.219351, 5, 0, 5
21106, 0, 21.864276, 4403.890162, 6, 0, 6
21147, 0, 19.887822, 4404.563689, 5, 0, 5
21188, 0, 16.343850, 3807.197762, 4, 0, 4
20835, 0, 26.320320, 4895.921409, 6, 0, 6
20811, 0, 25.663261, 4905.765056, 7, 0, 7
21085, 0, 20.727832, 4437.627766, 5, 0, 5
20982, 0, 25.446915, 4840.450796, 6, 0, 6
21053, 0, 23.083746, 4450.829009, 5, 0, 5
21203, 0, 18.508447, 3852.484079, 4, 0, 4
21217, 0, 18.826111, 3855.654923, 4, 0, 4
20678, 0, 25.735162, 4949.850682, 6, 0, 6
20834, 0, 27.521411, 4944.057376, 7, 0, 7
20999, 0, 27.112626, 4854.341679, 7, 0, 7
21358, 0, 15.598289, 3158.542265, 3, 0, 3
21114, 0, 22.103687, 4475.148502, 6, 0, 6
20809, 0, 26.133321, 4957.831033, 6, 0, 6
20770, 0, 27.847880, 4957.432796, 7, 0, 7
20928, 0, 25.833315, 4869.979397, 6, 0, 6
21104, 0, 24.254128, 4477.421339, 7, 0, 7
21266, 0, 16.943086, 3881.043385, 4, 0, 4
21248, 0, 16.759860, 3888.830766, 4, 0, 4
21117, 0, 22.135144, 4494.962327, 6, 0, 6
21083, 0, 21.487608, 4496.574978, 5, 0, 5
20805, 0, 30.194714, 4976.855958, 7, 0, 7
21160, 0, 17.147427, 3902.965039, 4, 0, 4
20649, 0, 28.429438, 4987.993375, 13, 0, 13
21102, 0, 18.460042, 3755.143006, 6, 0, 6
21090, 0, 21.419434, 4508.496023, 6, 0, 6
20686, 0, 26.036958, 4992.856363, 7, 0, 7
20741, 0, 28.046710, 4989.215896, 7, 0, 7
21079, 0, 21.557489, 4509.212192, 6, 0, 6
21194, 0, 17.521265, 3911.888056, 4, 0, 4
21252, 0, 16.904904, 3917.421608, 4, 0, 4
21070, 0, 21.030782, 4529.473965, 5, 0, 5
21062, 0, 21.130406, 4537.697435, 5, 0, 5
20859, 0, 26.500876, 5023.929660, 10, 0, 10
21151, 0, 22.776729, 4542.091305, 5, 0, 5
20996, 0, 27.619918, 4937.810494, 7, 0, 7
20766, 0, 28.274096, 5032.583343, 7, 0, 7
21072, 0, 21.818600, 4558.389316, 11, 0, 11
21136, 0, 21.525296, 4559.024360, 6, 0, 6
21095, 0, 22.904334, 4558.878003, 5, 0, 5
21121, 0, 22.852160, 4562.593240, 7, 0, 7
20818, 0, 27.937383, 5043.437774, 8, 0, 8
21051, 0, 21.338698, 4578.613806, 5, 0, 5
20931, 0, 26.583130, 4977.733505, 6, 0, 6
20698, 0, 26.513593, 5076.219024, 7, 0, 7
20667, 0, 26.518153, 5081.642954, 9, 0, 9
21125, 0, 22.478571, 4598.855090, 7, 0, 7
21131, 0, 21.867093, 4603.282383, 6, 0, 6
21115, 0, 22.857185, 4602.282901, 6, 0, 6
21170, 0, 17.585284, 4010.703473, 4, 0, 4
20803, 0, 28.680149, 5095.274247, 7, 0, 7
20733, 0, 28.718406, 5105.142342, 8, 0, 8
21120, 0, 22.823081, 4623.100068, 5, 0, 5
21059, 0, 21.655890, 4629.214409, 5, 0, 5
20895, 0, 26.029794, 5109.423688, 7, 0, 7
21077, 0, 22.141559, 4634.078463, 5, 0, 5
21119, 0, 22.865759, 4635.185478, 5, 0, 5
21094, 0, 22.076641, 4636.690849, 9, 0, 9
20925, 0, 26.896320, 5036.667599, 8, 0, 8
20682, 0, 26.689888, 5132.387888, 12, 0, 12
21283, 0, 17.372265, 4050.973127, 5, 0, 5
21064, 0, 23.213863, 4652.887006, 7, 0, 7
20706, 0, 26.699547, 5135.560272, 10, 0, 10
20839, 0, 28.022498, 5133.152487, 7, 0, 7
21166, 0, 17.794847, 4058.289121, 5, 0, 5
20777, 0, 28.793461, 5143.559108, 9, 0, 9
20887, 0, 26.401868, 5146.374777, 6, 0, 6
21334, 0, 16.475794, 3357.739583, 4, 0, 4
20734, 0, 28.805547, 5150.981778, 7, 0, 7
20929, 0, 27.054904, 5064.144887, 8, 0, 8
21089, 0, 22.322369, 4679.604460, 11, 0, 11
20986, 0, 26.605898, 5070.777053, 7, 0, 7
21025, 0, 27.765945, 5076.557429, 7, 0, 7
20808, 0, 29.502404, 5189.492515, 8, 0, 8
20913, 0, 27.209727, 5117.094201, 8, 0, 8
20924, 0, 28.023032, 5123.334675, 8, 0, 8
20758, 0, 28.744906, 5220.434887, 8, 0, 8
20760, 0, 28.781728, 5221.337683, 8, 0, 8
21278, 0, 18.412279, 4138.626344, 5, 0, 5
20945, 0, 27.378180, 5135.344174, 8, 0, 8
21162, 0, 18.520511, 4149.989265, 8, 0, 8
20977, 0, 27.316256, 5142.334275, 12, 0, 12
21000, 0, 29.065073, 5144.539105, 6, 0, 6
21271, 0, 18.757506, 4155.205307, 5, 0, 5
20874, 0, 27.628467, 5237.613914, 7, 0, 7
21225, 0, 18.710041, 4171.504107, 4, 0, 4
21197, 0, 18.931305, 4175.999703, 5, 0, 5
21069, 0, 21.163413, 4544.310347, 5, 0, 5
21152, 0, 22.301653, 4814.570277, 8, 0, 8
20622, 0, 30.062270, 5301.488667, 12, 0, 12
21375, 0, 15.204948, 3521.817172, 4, 0, 4
20862, 0, 28.445696, 5322.256494, 13, 0, 13
20852, 0, 28.790796, 5328.983592, 8, 0, 8
21216, 0, 19.569351, 4250.701311, 6, 0, 6
21201, 0, 21.780610, 4253.573366, 6, 0, 6
20650, 0, 30.303085, 5342.178551, 11, 0, 11
20688, 0, 28.176215, 5346.957291, 7, 0, 7
21249, 0, 18.913603, 4262.714384, 8, 0, 8
21142, 0, 23.095984, 4869.268533, 6, 0, 6
21161, 0, 19.483810, 4288.409723, 5, 0, 5
21204, 0, 20.331618, 4294.405612, 7, 0, 7
20936, 0, 28.520301, 5296.694807, 8, 0, 8
21313, 0, 16.000472, 3602.961290, 9, 0, 9
21150, 0, 23.246087, 4912.809179, 10, 0, 10
21067, 0, 23.665080, 4918.916804, 5, 0, 5
21169, 0, 19.652077, 4320.713704, 6, 0, 6
21267, 0, 19.849553, 4316.956018, 7, 0, 7
21183, 0, 20.898180, 4322.296500, 5, 0, 5
21074, 0, 24.268746, 4934.134797, 11, 0, 11
21075, 0, 26.325460, 4936.248709, 6, 0, 6
20883, 0, 28.508916, 5424.385019, 7, 0, 7
21048, 0, 23.892603, 4959.603556, 6, 0, 6
20869, 0, 29.034155, 5440.311057, 7, 0, 7
21226, 0, 19.857924, 4362.166784, 8, 0, 8
21256, 0, 19.372987, 4382.085691, 4, 0, 4
21007, 0, 30.293327, 5370.847700, 9, 0, 9
21065, 0, 24.101269, 4986.637818, 6, 0, 6
21265, 0, 20.333503, 4384.953191, 5, 0, 5
21272, 0, 20.140851, 4386.069758, 5, 0, 5
21330, 0, 20.632807, 4238.974998, 6, 0, 6
21138, 0, 23.818849, 4985.031058, 8, 0, 8
21135, 0, 23.973434, 4993.255710, 10, 0, 10
21182, 0, 20.151492, 4395.836959, 7, 0, 7
21080, 0, 24.589033, 5005.629131, 9, 0, 9
21202, 0, 20.595841, 4412.196555, 6, 0, 6
21220, 0, 20.647914, 4417.773427, 5, 0, 5
21238, 0, 24.319826, 4949.770716, 7, 0, 7
21368, 0, 16.551238, 3712.770937, 5, 0, 5
21176, 0, 20.271640, 4428.416975, 5, 0, 5
20717, 0, 29.259572, 5513.337935, 7, 0, 7
21165, 0, 21.104639, 4431.304470, 5, 0, 5
21058, 0, 24.308015, 5031.747298, 6, 0, 6
21269, 0, 20.436656, 4433.926205, 5, 0, 5
21185, 0, 21.651192, 4434.964175, 5, 0, 5
21172, 0, 22.622838, 4437.847853, 6, 0, 6
21055, 0, 24.404818, 5050.657180, 8, 0, 8
21325, 0, 16.693051, 3741.959456, 5, 0, 5
21063, 0, 24.431674, 5054.418369, 6, 0, 6
21068, 0, 24.442993, 5058.723256, 6, 0, 6
21387, 0, 16.193655, 3748.596032, 4, 0, 4
20918, 0, 29.307646, 5453.946575, 20, 0, 20
21300, 0, 16.580728, 3755.740238, 4, 0, 4
21030, 0, 20.749233, 4491.107805, 5, 0, 5
21180, 0, 22.750955, 4468.733385, 5, 0, 5
20843, 0, 30.458559, 5547.913802, 10, 0, 10
21100, 0, 26.092519, 5071.746292, 7, 0, 7
21132, 0, 24.553184, 5080.351578, 6, 0, 6
21233, 0, 20.572615, 4487.199027, 5, 0, 5
21192, 0, 20.939863, 4494.292339, 5, 0, 5
21349, 0, 17.329889, 3784.737960, 4, 0, 4
21196, 0, 21.130346, 4497.718042, 10, 0, 10
21052, 0, 25.198086, 5109.980624, 6, 0, 6
21111, 0, 26.251159, 5123.179486, 7, 0, 7
21173, 0, 21.346141, 4526.308176, 5, 0, 5
21109, 0, 26.327817, 5127.223463, 6, 0, 6
21270, 0, 20.898626, 4529.044188, 5, 0, 5
21373, 0, 20.484635, 4264.909990, 4, 0, 4
21140, 0, 24.622332, 5132.085413, 7, 0, 7
21073, 0, 25.403767, 5133.124500, 6, 0, 6
21241, 0, 20.700274, 4536.872164, 6, 0, 6
21341, 0, 17.696941, 3836.498556, 4, 0, 4
21289, 0, 22.804427, 4267.949578, 10, 0, 10
21362, 0, 21.458736, 4268.293525, 6, 0, 6
21032, 0, 30.010946, 5582.216502, 7, 0, 7
21251, 0, 23.934250, 4993.807201, 6, 0, 6
21376, 0, 20.514311, 4290.773952, 11, 0, 11
21437, 0, 18.588603, 3592.602091, 5, 0, 5
21418, 0, 19.824586, 3594.699612, 5, 0, 5
21386, 0, 20.222455, 4296.868982, 4, 0, 4
21391, 0, 20.080453, 4298.797776, 9, 0, 9
21311, 0, 21.237292, 4317.839025, 5, 0, 5
21154, 0, 27.990781, 5624.145832, 9, 0, 9
21088, 0, 28.774311, 5633.240721, 12, 0, 12
21458, 0, 18.364041, 3623.052599, 5, 0, 5
21427, 0, 22.414810, 3623.894246, 7, 0, 7
21379, 0, 20.714139, 4332.418426, 12, 0, 12
21144, 0, 24.585931, 5143.807550, 6, 0, 6
21345, 0, 21.991704, 4332.186844, 5, 0, 5
21498, 0, 17.053278, 3643.210221, 4, 0, 4
21478, 0, 18.492560, 3646.329442, 4, 0, 4
21044, 0, 30.287816, 5660.934127, 7, 0, 7
21454, 0, 18.763171, 3650.711394, 4, 0, 4
21302, 0, 21.747342, 4357.587003, 6, 0, 6
21407, 0, 20.861969, 3655.298524, 6, 0, 6
21244, 0, 24.750935, 5069.954291, 6, 0, 6
21228, 0, 25.057600, 5073.789005, 6, 0, 6
21381, 0, 20.988314, 4368.302210, 5, 0, 5
21411, 0, 19.291067, 3679.915721, 5, 0, 5
21399, 0, 19.361192, 3686.307974, 5, 0, 5
21253, 0, 24.775223, 5095.052721, 6, 0, 6
21164, 0, 27.395325, 5096.592299, 7, 0, 7
21415, 0, 19.437470, 3691.929068, 5, 0, 5
21472, 0, 19.114396, 3694.493784, 4, 0, 4
21275, 0, 25.870924, 5107.355061, 6, 0, 6
21262, 0, 22.876381, 4546.063016, 5, 0, 5
21350, 0, 24.982106, 4401.003428, 7, 0, 7
21438, 0, 21.287632, 3702.669715, 9, 0, 9
21218, 0, 21.601008, 4561.123657, 6, 0, 6
21240, 0, 22.834206, 4566.685569, 5, 0, 5
21370, 0, 17.406563, 3860.555404, 4, 0, 4
21308, 0, 17.438350, 3861.521680, 4, 0, 4
21105, 0, 26.872802, 5166.582365, 6, 0, 6
20662, 0, 30.189785, 5658.290229, 10, 0, 10
21174, 0, 21.926413, 4577.574835, 5, 0, 5
21047, 0, 26.047719, 5181.304145, 7, 0, 7
21181, 0, 22.035232, 4582.324950, 5, 0, 5
20712, 0, 30.355206, 5668.255115, 9, 0, 9
21239, 0, 21.185802, 4592.908176, 5, 0, 5
21175, 0, 22.064371, 4593.890351, 7, 0, 7
21354, 0, 18.401644, 3888.515285, 5, 0, 5
21092, 0, 25.582107, 5201.218721, 17, 0, 17
21425, 0, 19.653904, 3711.921051, 6, 0, 6
21143, 0, 27.147165, 5201.450359, 6, 0, 6
21254, 0, 21.124173, 4608.061567, 9, 0, 9
21177, 0, 22.158175, 4613.705971, 6, 0, 6
21247, 0, 21.384197, 4616.398157, 6, 0, 6
21208, 0, 22.230717, 4636.339599, 5, 0, 5
21402, 0, 19.759476, 3715.923439, 7, 0, 7
21211, 0, 26.469841, 5128.124299, 7, 0, 7
21573, 0, 17.527919, 2952.768876, 4, 0, 4
21447, 0, 19.552087, 3722.386979, 5, 0, 5
21237, 0, 25.668982, 5136.045596, 7, 0, 7
21232, 0, 25.781374, 5137.160278, 6, 0, 6
21279, 0, 26.103098, 5142.415015, 7, 0, 7
21116, 0, 31.610302, 5749.736442, 7, 0, 7
21441, 0, 15.198126, 3226.756859, 4, 0, 4
21071, 0, 26.313669, 5244.418188, 11, 0, 11
21336, 0, 18.937785, 3939.485003, 5, 0, 5
21158, 0, 25.231909, 5246.829955, 6, 0, 6
21355, 0, 18.969113, 3944.059296, 5, 0, 5
21335, 0, 23.149998, 4447.626258, 5, 0, 5
20932, 0, 30.898027, 5648.307840, 18, 0, 18
21126, 0, 27.204490, 5257.695974, 8, 0, 8
21287, 0, 26.040688, 5158.302537, 7, 0, 7
21429, 0, 15.304662, 3251.071982, 4, 0, 4
21339, 0, 19.182451, 3955.747319, 5, 0, 5
21199, 0, 22.530907, 4676.360882, 7, 0, 7
21036, 0, 26.635344, 5288.883783, 6, 0, 6
21153, 0, 25.660244, 5294.319126, 8, 0, 8
21246, 0, 23.355968, 4698.072182, 5, 0, 5
21034, 0, 26.813299, 5317.162003, 7, 0, 7
21057, 0, 26.818766, 5319.193257, 6, 0, 6
21221, 0, 22.858545, 4723.666518, 6, 0, 6
21148, 0, 26.065472, 5326.307693, 6, 0, 6
21168, 0, 22.975287, 4733.384650, 7, 0, 7
21223, 0, 22.918968, 4751.579177, 8, 0, 8
21268, 0, 23.255164, 4757.572140, 6, 0, 6
21206, 0, 22.981447, 4764.046798, 7, 0, 7
21331, 0, 18.869721, 4059.288406, 5, 0, 5
21481, 0, 19.596627, 3757.459836, 7, 0, 7
21258, 0, 27.011567, 5174.084505, 7, 0, 7
21296, 0, 23.815842, 4467.938142, 8, 0, 8
21360, 0, 23.456026, 4470.508970, 6, 0, 6
21297, 0, 23.562855, 4475.839510, 6, 0, 6
21422, 0, 20.313521, 3776.708065, 5, 0, 5
21323, 0, 22.682303, 4479.892794, 5, 0, 5
21312, 0, 24.814145, 4482.042905, 6, 0, 6
21401, 0, 20.431742, 3790.643300, 6, 0, 6
21615, 0, 15.152438, 3029.752922, 4, 0, 4
21250, 0, 25.958015, 5215.653513, 7, 0, 7
21466, 0, 20.288356, 3808.919627, 5, 0, 5
21445, 0, 20.950926, 3812.781803, 5, 0, 5
21484, 0, 19.866977, 3812.765002, 5, 0, 5
21191, 0, 27.889065, 5227.247938, 7, 0, 7
21444, 0, 20.816576, 3821.460911, 5, 0, 5
21159, 0, 27.976617, 5234.674397, 8, 0, 8
21303, 0, 18.766132, 4052.441942, 5, 0, 5
21235, 0, 26.479285, 5235.271560, 10, 0, 10
21442, 0, 22.715951, 3824.963351, 7, 0, 7
21186, 0, 28.179182, 5243.502608, 9, 0, 9
21416, 0, 21.151987, 3837.417118, 6, 0, 6
21410, 0, 21.159269, 3837.768836, 7, 0, 7
21257, 0, 23.597600, 4769.858247, 7, 0, 7
21210, 0, 23.209572, 4779.577414, 6, 0, 6
21457, 0, 16.565548, 3369.158306, 5, 0, 5
21082, 0, 23.818478, 4882.854058, 6, 0, 6
21234, 0, 22.873491, 4786.909242, 5, 0, 5
21076, 0, 27.384016, 5390.948350, 7, 0, 7
21280, 0, 23.117155, 4789.361890, 6, 0, 6
21321, 0, 19.480264, 4091.782155, 5, 0, 5
21149, 0, 26.430511, 5401.696727, 7, 0, 7
21353, 0, 20.299645, 4097.502689, 5, 0, 5
21189, 0, 23.639212, 4807.590754, 7, 0, 7
21193, 0, 23.677416, 4815.750978, 6, 0, 6
20681, 0, 28.265617, 5354.858858, 6, 0, 6
21352, 0, 20.378248, 4109.606564, 5, 0, 5
21439, 0, 21.230762, 3844.912210, 5, 0, 5
21594, 0, 16.247574, 3093.898058, 4, 0, 4
21426, 0, 23.904192, 3861.581772, 7, 0, 7
21601, 0, 16.913890, 3096.485491, 4, 0, 4
21231, 0, 26.779212, 5283.842882, 7, 0, 7
21351, 0, 24.226062, 4577.521364, 6, 0, 6
21294, 0, 24.732727, 4583.040274, 7, 0, 7
21291, 0, 24.950511, 4591.041908, 6, 0, 6
21207, 0, 28.025150, 5303.206072, 7, 0, 7
21565, 0, 19.335099, 3127.399248, 5, 0, 5
21340, 0, 24.352842, 4601.782633, 6, 0, 6
21229, 0, 27.036596, 5310.921051, 6, 0, 6
21385, 0, 22.825273, 4604.519841, 8, 0, 8
21450, 0, 20.886908, 3904.705730, 5, 0, 5
21299, 0, 26.117846, 4606.096846, 12, 0, 12
21572, 0, 17.373842, 3140.953394, 4, 0, 4
21468, 0, 22.975634, 3910.135693, 5, 0, 5
21451, 0, 20.994752, 3917.007661, 5, 0, 5
21533, 0, 16.176051, 3151.505861, 4, 0, 4
21245, 0, 27.144237, 5330.362696, 7, 0, 7
21547, 0, 17.340834, 3154.883135, 5, 0, 5
21320, 0, 24.185036, 4626.589746, 7, 0, 7
21476, 0, 21.397824, 3931.469387, 5, 0, 5
21366, 0, 24.148209, 4641.247859, 6, 0, 6
21394, 0, 23.114438, 3940.937080, 8, 0, 8
21461, 0, 21.239048, 3940.085513, 5, 0, 5
21178, 0, 30.098538, 5350.958765, 12, 0, 12
21513, 0, 16.676159, 3183.764941, 5, 0, 5
21288, 0, 27.621576, 5360.588539, 8, 0, 8
21557, 0, 17.977235, 3184.630670, 7, 0, 7
21489, 0, 21.289377, 3959.410561, 7, 0, 7
21449, 0, 21.476331, 3964.769387, 5, 0, 5
21475, 0, 23.220115, 3961.767881, 6, 0, 6
21346, 0, 25.051580, 4673.358309, 7, 0, 7
21309, 0, 24.746773, 4678.353859, 6, 0, 6
21361, 0, 25.176550, 4688.281721, 8, 0, 8
21452, 0, 21.754033, 3995.778092, 5, 0, 5
21356, 0, 25.324677, 4704.568829, 6, 0, 6
21474, 0, 22.005314, 4007.106732, 5, 0, 5
21417, 0, 26.894368, 4007.759018, 7, 0, 7
21470, 0, 24.296971, 4008.947316, 6, 0, 6
21480, 0, 22.937163, 4014.356541, 7, 0, 7
21261, 0, 25.600806, 4819.484690, 6, 0, 6
21212, 0, 23.889406, 4826.531197, 6, 0, 6
21390, 0, 18.892880, 4133.784766, 6, 0, 6
21371, 0, 19.536964, 4134.559290, 5, 0, 5
21485, 0, 16.700373, 3451.879914, 4, 0, 4
21190, 0, 23.929087, 4863.058234, 6, 0, 6
21130, 0, 27.557918, 5469.968919, 18, 0, 18
21455, 0, 17.072802, 3461.149518, 4, 0, 4
21205, 0, 24.235045, 4874.482341, 6, 0, 6
20746, 0, 34.287891, 5955.013349, 14, 0, 14
21222, 0, 24.262734, 4874.406601, 6, 0, 6
21382, 0, 19.372544, 4166.154572, 7, 0, 7
21255, 0, 28.176790, 5428.973735, 7, 0, 7
21318, 0, 20.082550, 4167.541905, 4, 0, 4
21187, 0, 24.124393, 4879.484710, 6, 0, 6
21554, 0, 18.929951, 3251.922363, 6, 0, 6
21179, 0, 30.483643, 5432.388548, 8, 0, 8
21380, 0, 19.563798, 4169.808289, 12, 0, 12
21184, 0, 25.986977, 4881.300203, 6, 0, 6
21295, 0, 20.801950, 4194.592438, 5, 0, 5
21329, 0, 20.422393, 4193.981484, 6, 0, 6
21285, 0, 23.613797, 4904.774464, 8, 0, 8
21367, 0, 20.411294, 4201.775171, 7, 0, 7
21215, 0, 24.657049, 4914.224862, 10, 0, 10
21389, 0, 19.723754, 4205.959485, 5, 0, 5
21430, 0, 17.683018, 3512.938526, 4, 0, 4
21219, 0, 24.732557, 4925.505871, 8, 0, 8
21033, 0, 28.874348, 5530.680186, 7, 0, 7
21432, 0, 23.432040, 4027.336055, 6, 0, 6
21562, 0, 18.721721, 3263.794705, 5, 0, 5
21456, 0, 22.441000, 4035.476420, 6, 0, 6
21404, 0, 24.350818, 4035.465733, 7, 0, 7
21510, 0, 17.935762, 3270.250561, 6, 0, 6
21436, 0, 23.504584, 4035.606819, 8, 0, 8
21396, 0, 23.506300, 4037.231929, 7, 0, 7
21483, 0, 23.823164, 4033.324502, 6, 0, 6
21400, 0, 25.367059, 4037.824777, 8, 0, 8
21307, 0, 25.537736, 4753.528546, 7, 0, 7
21403, 0, 23.810677, 4063.249326, 6, 0, 6
21315, 0, 25.825505, 4773.588836, 7, 0, 7
21443, 0, 23.987596, 4074.242700, 6, 0, 6
21419, 0, 24.011752, 4075.695492, 9, 0, 9
21397, 0, 24.059041, 4078.289165, 7, 0, 7
21542, 0, 18.178064, 3313.151596, 5, 0, 5
21528, 0, 18.826862, 3325.853393, 13, 0, 13
21434, 0, 24.324302, 4093.841476, 8, 0, 8
21477, 0, 23.273701, 4093.668408, 8, 0, 8
21333, 0, 26.328021, 4805.074543, 8, 0, 8
21377, 0, 26.088752, 4811.083457, 18, 0, 18
21616, 0, 18.518572, 3351.448444, 6, 0, 6
21326, 0, 26.498130, 4824.151627, 6, 0, 6
21392, 0, 25.647808, 4823.005825, 8, 0, 8
21374, 0, 26.216632, 4827.364015, 6, 0, 6
21559, 0, 20.014716, 3366.694183, 6, 0, 6
21490, 0, 22.547669, 4134.061681, 9, 0, 9
21463, 0, 23.817039, 4137.552625, 7, 0, 7
21284, 0, 30.245359, 5554.328039, 8, 0, 8
21553, 0, 20.185268, 3386.684864, 7, 0, 7
21586, 0, 19.831696, 3390.026167, 6, 0, 6
21548, 0, 20.415474, 3391.678750, 6, 0, 6
21408, 0, 25.381199, 4163.238450, 7, 0, 7
21420, 0, 25.433892, 4169.340431, 9, 0, 9
21383, 0, 26.166252, 4870.915002, 7, 0, 7
21602, 0, 19.468267, 3406.412801, 6, 0, 6
21610, 0, 19.256043, 3407.157041, 5, 0, 5
21372, 0, 26.582416, 4879.070440, 7, 0, 7
21413, 0, 25.580223, 4181.096885, 8, 0, 8
21304, 0, 27.042798, 4888.476590, 8, 0, 8
21363, 0, 27.794387, 4889.932311, 7, 0, 7
21583, 0, 20.424307, 3430.136786, 6, 0, 6
21590, 0, 20.207275, 3433.837043, 6, 0, 6
21577, 0, 20.624531, 3437.461232, 5, 0, 5
21322, 0, 27.378490, 4911.227273, 6, 0, 6
21328, 0, 27.528225, 4918.923169, 7, 0, 7
21501, 0, 22.824483, 4221.811754, 18, 0, 18
21539, 0, 19.570497, 3457.465003, 5, 0, 5
21316, 0, 27.591780, 4927.702249, 7, 0, 7
21384, 0, 26.677554, 4930.567575, 8, 0, 8
21348, 0, 28.216189, 4929.615978, 7, 0, 7
21344, 0, 28.217378, 4930.856494, 8, 0, 8
21499, 0, 23.207143, 4241.566134, 10, 0, 10
21591, 0, 20.618601, 3477.106988, 5, 0, 5
21551, 0, 20.494486, 3478.780476, 6, 0, 6
21592, 0, 20.649875, 3489.493895, 5, 0, 5
21503, 0, 23.309248, 4257.302226, 9, 0, 9
21327, 0, 28.138948, 4966.485554, 8, 0, 8
21506, 0, 21.334328, 3511.406365, 6, 0, 6
21332, 0, 28.209953, 4978.494394, 7, 0, 7
21561, 0, 21.679349, 3509.984777, 6, 0, 6
21487, 0, 25.340410, 4278.009267, 6, 0, 6
21448, 0, 25.481679, 4284.164213, 6, 0, 6
21518, 0, 20.453902, 3527.390946, 9, 0, 9
21537, 0, 20.727725, 3530.502795, 5, 0, 5
21471, 0, 25.915459, 4295.141256, 6, 0, 6
21486, 0, 25.523782, 4299.633552, 7, 0, 7
21608, 0, 20.794321, 3532.954341, 5, 0, 5
21534, 0, 20.861525, 3538.439519, 11, 0, 11
21405, 0, 27.614745, 4303.271234, 8, 0, 8
21569, 0, 22.261688, 3536.055208, 6, 0, 6
21494, 0, 24.630469, 4311.789983, 8, 0, 8
21365, 0, 29.330636, 5016.018831, 9, 0, 9
21446, 0, 25.836062, 4316.204692, 7, 0, 7
21406, 0, 27.639103, 4319.291684, 10, 0, 10
21424, 0, 27.674314, 4319.944572, 12, 0, 12
21473, 0, 26.330980, 4322.825602, 6, 0, 6
21479, 0, 26.213042, 4327.249592, 6, 0, 6
21595, 0, 21.762872, 3560.496178, 6, 0, 6
21606, 0, 21.533190, 3567.951462, 7, 0, 7
21504, 0, 24.516841, 4340.587615, 8, 0, 8
21556, 0, 23.010842, 3575.936734, 7, 0, 7
21431, 0, 28.055498, 4350.331549, 10, 0, 10
21357, 0, 30.228361, 5059.590769, 7, 0, 7
21465, 0, 26.769907, 4362.435551, 6, 0, 6
21566, 0, 23.406275, 3594.998732, 6, 0, 6
21495, 0, 25.307998, 4375.064233, 7, 0, 7
21428, 0, 28.622202, 4382.866139, 9, 0, 9
21546, 0, 23.290578, 3619.645066, 8, 0, 8
21517, 0, 21.929693, 3621.840291, 5, 0, 5
21421, 0, 28.881619, 4406.034784, 12, 0, 12
21580, 0, 23.827640, 3638.624110, 6, 0, 6
21306, 0, 30.744727, 5120.953764, 7, 0, 7
21612, 0, 22.790878, 3650.885893, 6, 0, 6
21589, 0, 23.465675, 3658.857605, 6, 0, 6
21491, 0, 26.530593, 4438.492140, 7, 0, 7
21541, 0, 23.037293, 3684.646757, 6, 0, 6
21502, 0, 26.342385, 4451.584785, 10, 0, 10
21611, 0, 23.289090, 3686.014272, 5, 0, 5
21597, 0, 23.735267, 3686.834180, 6, 0, 6
21581, 0, 24.516232, 3693.887780, 6, 0, 6
21529, 0, 23.087717, 3696.513736, 6, 0, 6
21552, 0, 23.709926, 3703.043543, 7, 0, 7
21584, 0, 24.614019, 3701.750963, 6, 0, 6
21525, 0, 23.386695, 3708.134197, 6, 0, 6
21409, 0, 29.695575, 4477.106174, 9, 0, 9
21509, 0, 23.513922, 3712.748279, 12, 0, 12
21538, 0, 23.523682, 3713.207929, 6, 0, 6
21521, 0, 23.536649, 3714.705108, 6, 0, 6
21598, 0, 24.033013, 3717.523802, 5, 0, 5
21568, 0, 25.224717, 3717.187791, 7, 0, 7
21536, 0, 23.681514, 3723.619582, 7, 0, 7
21585, 0, 24.522591, 3733.439731, 6, 0, 6
21543, 0, 24.425892, 3738.605087, 7, 0, 7
21587, 0, 24.543120, 3741.786642, 6, 0, 6
21582, 0, 25.684058, 3753.434992, 7, 0, 7
21558, 0, 26.721804, 3756.880396, 7, 0, 7
21571, 0, 26.050944, 3757.473863, 7, 0, 7
21530, 0, 24.187541, 3763.696806, 6, 0, 6
21395, 0, 30.748270, 4535.284425, 21, 0, 21
21511, 0, 24.278012, 3776.083357, 7, 0, 7
21535, 0, 24.292091, 3775.290875, 6, 0, 6
21532, 0, 24.665389, 3788.160418, 14, 0, 14
21575, 0, 26.598559, 3788.106471, 7, 0, 7
21526, 0, 24.962348, 3794.632750, 6, 0, 6
21531, 0, 25.290925, 3798.061015, 6, 0, 6
21500, 0, 28.652651, 4565.618328, 10, 0, 10
21564, 0, 26.808222, 3803.820062, 8, 0, 8
21545, 0, 25.656676, 3818.192694, 9, 0, 9
21514, 0, 25.515726, 3819.217175, 7, 0, 7
21524, 0, 25.947894, 3821.704957, 7, 0, 7
21549, 0, 26.240390, 3833.998808, 9, 0, 9
21574, 0, 27.405633, 3838.986439, 7, 0, 7
21570, 0, 28.054719, 3858.492248, 7, 0, 7
21607, 0, 26.638196, 3886.571966, 7, 0, 7
21613, 0, 26.529334, 3890.899679, 8, 0, 8
21563, 0, 23.670668, 3606.802845, 7, 0, 7
21505, 0, 27.020762, 3957.463721, 13, 0, 13
21515, 0, 28.069019, 3961.230763, 12, 0, 12
21588, 0, 28.375777, 3962.364951, 6, 0, 6
21497, 0, 32.410910, 4776.504042, 10, 0, 10
21599, 0, 29.555894, 4036.101136, 6, 0, 6
21603, 0, 30.024494, 4081.141990, 7, 0, 7
21614, 0, 30.172038, 4103.379988, 6, 0, 6
20902, 0, 57.584847, 7470.813754, 14, 0, 14
20965, 0, 66.859066, 7959.857734, 18, 0, 18
21156, 0, 63.705687, 7728.236207, 24, 0, 24
21093, 0, 72.239270, 8069.677964, 27, 0, 27
20718, 0, 78.404547, 8587.895721, 23, 0, 23
21037, 0, 78.146384, 8366.036214, 21, 0, 21
21338, 0, 66.950912, 7167.276538, 16, 0, 16
21277, 0, 70.916780, 7905.802841, 18, 0, 18
20816, 0, 85.240360, 8870.137586, 28, 0, 28
21141, 0, 82.604405, 8557.957145, 32, 0, 32
21467, 0, 66.565504, 6614.879176, 16, 0, 16
21343, 0, 71.517059, 7390.755366, 19, 0, 19
20901, 0, 90.777256, 9221.837902, 25, 0, 25
21227, 0, 83.053563, 8143.195659, 19, 0, 19
21359, 0, 73.584756, 7484.286305, 20, 0, 20
21163, 0, 85.446933, 8302.940692, 22, 0, 22
21460, 0, 74.403005, 7019.251776, 22, 0, 22
20875, 0, 97.581980, 9539.666274, 30, 0, 30
21042, 0, 94.689803, 9064.798708, 28, 0, 28
21579, 0, 80.454206, 6301.654134, 20, 0, 20
20764, 0, 93.754513, 9580.060231, 25, 0, 25
21337, 0, 81.502165, 7878.742446, 21, 0, 21
20856, 0, 101.204964, 9672.615208, 28, 0, 28
21469, 0, 90.562539, 7354.690199, 31, 0, 31
21378, 0, 94.361531, 8074.716931, 39, 0, 39
21522, 0, 87.288091, 6624.596524, 22, 0, 22
21027, 0, 100.923636, 9423.499678, 30, 0, 30
20740, 0, 101.066814, 9944.748737, 25, 0, 25
20872, 0, 103.564469, 9950.245466, 30, 0, 30
20857, 0, 108.664412, 9985.163597, 31, 0, 31
21604, 0, 82.818872, 6898.827762, 19, 0, 19
21103, 0, 102.371007, 9739.530897, 32, 0, 32
21264, 0, 101.975369, 9379.430227, 29, 0, 29
21459, 0, 98.249459, 8095.644261, 25, 0, 25
20790, 0, 117.171081, 10650.534974, 28, 0, 28
20715, 0, 124.771340, 10661.672328, 35, 0, 35
21041, 0, 120.427695, 10207.043710, 34, 0, 34
21001, 0, 121.000757, 10732.347441, 31, 0, 31
20962, 0, 131.123850, 10767.779975, 49, 0, 49
20651, 0, 137.213324, 11008.295107, 45, 0, 45
20849, 0, 135.806227, 11090.217789, 33, 0, 33
21003, 0, 129.390330, 11055.728003, 33, 0, 33
21060, 0, 132.095637, 10674.892298, 35, 0, 35
21017, 0, 131.811478, 11165.004600, 37, 0, 37
21507, 0, 123.049020, 8054.267530, 53, 0, 53
21393, 0, 135.002471, 9721.621688, 41, 0, 41
21488, 0, 130.152200, 9070.769900, 34, 0, 34
21520, 0, 133.232012, 8371.020408, 36, 0, 36
20847, 0, 151.188552, 11670.950213, 48, 0, 48
21609, 0, 126.816518, 8627.377051, 31, 0, 31
20668, 0, 154.544556, 11905.129299, 40, 0, 40
20871, 0, 156.942292, 11913.193066, 43, 0, 43
20749, 0, 158.708566, 12014.567785, 60, 0, 60
21213, 0, 149.314643, 10969.577518, 49, 0, 49
21273, 0, 144.911586, 11023.996279, 38, 0, 38
21061, 0, 162.059498, 11793.453355, 42, 0, 42
21157, 0, 164.658442, 11800.056341, 63, 0, 63
21039, 0, 165.170837, 11898.386597, 44, 0, 44
21043, 0, 165.181866, 11900.645593, 47, 0, 47
21512, 0, 153.798070, 9138.612561, 42, 0, 42
21286, 0, 157.746412, 11487.241129, 39, 0, 39
20950, 0, 180.449468, 12535.075969, 59, 0, 59
21305, 0, 161.182459, 10866.606606, 41, 0, 41
20966, 0, 176.396015, 12646.104180, 51, 0, 51
21031, 0, 181.508298, 12446.352294, 48, 0, 48
20738, 0, 182.403755, 13019.574273, 44, 0, 44
21200, 0, 176.758714, 11958.583867, 42, 0, 42
20721, 0, 187.988432, 13158.071405, 50, 0, 50
21050, 0, 191.859632, 12767.657339, 47, 0, 47
21596, 0, 171.018419, 10123.089816, 44, 0, 44
21301, 0, 189.119976, 11622.352842, 48, 0, 48
21462, 0, 182.920422, 11134.763526, 45, 0, 45
21026, 0, 206.607894, 13755.310099, 51, 0, 51
21259, 0, 197.807670, 12771.514834, 49, 0, 49
20723, 0, 212.761140, 13993.312315, 57, 0, 57
20980, 0, 213.887481, 13944.633050, 60, 0, 60
21195, 0, 207.283929, 13008.490589, 55, 0, 55
21084, 0, 223.879628, 13675.008514, 79, 0, 79
21544, 0, 207.258855, 10988.368376, 52, 0, 52
21038, 0, 227.275601, 13848.667963, 64, 0, 64
20742, 0, 227.132253, 14410.690847, 54, 0, 54
21137, 0, 230.924994, 13918.220146, 72, 0, 72
21576, 0, 211.230940, 11295.213882, 51, 0, 51
20806, 0, 233.394734, 14575.285475, 59, 0, 59
21423, 0, 226.787658, 12128.324307, 58, 0, 58
20653, 0, 248.372889, 14692.500093, 72, 0, 72
20978, 0, 237.340647, 14664.695712, 71, 0, 71
20948, 0, 247.380838, 14655.592071, 63, 0, 63
21214, 0, 232.105551, 13758.772806, 63, 0, 63
21440, 0, 236.093175, 12378.581576, 69, 0, 69
20964, 0, 241.263920, 14754.139681, 63, 0, 63
20683, 0, 241.311712, 14849.095832, 72, 0, 72
20661, 0, 244.230321, 14935.917487, 71, 0, 71
21310, 0, 228.763126, 13070.490923, 60, 0, 60
20911, 0, 252.612165, 14799.691376, 62, 0, 62
20863, 0, 259.820337, 15049.993626, 70, 0, 70
21281, 0, 242.312973, 14038.982280, 62, 0, 62
21435, 0, 248.389855, 12686.477497, 67, 0, 67
20696, 0, 259.303635, 15307.628215, 67, 0, 67
21482, 0, 245.540238, 12851.506344, 61, 0, 61
20922, 0, 271.740271, 15324.497900, 72, 0, 72
21540, 0, 256.846682, 12287.119122, 91, 0, 91
21527, 0, 258.559111, 12329.190740, 63, 0, 63
20880, 0, 281.296973, 15583.985594, 74, 0, 74
21066, 0, 277.969796, 15133.360741, 76, 0, 76
21146, 0, 274.576141, 15134.265402, 84, 0, 84
20823, 0, 288.810405, 15706.518870, 79, 0, 79
21492, 0, 271.029851, 13298.082187, 82, 0, 82
20693, 0, 291.378681, 15820.357746, 82, 0, 82
21433, 0, 278.888927, 13387.800569, 70, 0, 70
21412, 0, 279.653711, 13395.640895, 75, 0, 75
20933, 0, 291.978618, 15803.514976, 75, 0, 75
21496, 0, 276.344219, 13412.742952, 88, 0, 88
21263, 0, 274.441882, 14855.151770, 67, 0, 67
21560, 0, 268.769086, 12686.483013, 72, 0, 72
20691, 0, 295.036029, 16076.648886, 75, 0, 75
21464, 0, 277.592222, 13684.069253, 69, 0, 69
20699, 0, 301.506674, 16185.394610, 76, 0, 76
21145, 0, 301.601524, 15720.916865, 85, 0, 85
21290, 0, 301.945807, 14462.542181, 78, 0, 78
21319, 0, 297.570847, 14597.580861, 82, 0, 82
21342, 0, 294.489449, 14668.024649, 71, 0, 71
20870, 0, 325.486840, 16440.275253, 84, 0, 84
21014, 0, 308.169427, 16380.803828, 79, 0, 79
21230, 0, 311.345490, 15386.983469, 116, 0, 116
20642, 0, 322.861192, 16482.011724, 87, 0, 87
21578, 0, 298.260634, 13244.224561, 83, 0, 83
20744, 0, 325.190198, 16604.797558, 104, 0, 104
21198, 0, 328.171134, 15735.625533, 86, 0, 86
21398, 0, 334.658047, 14389.204658, 83, 0, 83
21516, 0, 326.741529, 13693.778487, 81, 0, 81
20708, 0, 348.377457, 17002.425675, 91, 0, 91
21593, 0, 317.348425, 13808.643910, 76, 0, 76
21567, 0, 340.236036, 13910.592513, 83, 0, 83
21224, 0, 360.403929, 16222.050522, 96, 0, 96
20793, 0, 354.968037, 17329.518805, 89, 0, 89
20763, 0, 360.290116, 17417.232537, 86, 0, 86
21128, 0, 380.694181, 17109.098815, 108, 0, 108
20897, 0, 394.995592, 17585.875975, 107, 0, 107
21118, 0, 367.461829, 17130.034135, 87, 0, 87
21314, 0, 376.686102, 15822.511965, 98, 0, 98
21293, 0, 383.997656, 15828.722817, 100, 0, 100
20951, 0, 392.685554, 17638.340136, 109, 0, 109
21127, 0, 394.940857, 17347.101569, 101, 0, 101
20751, 0, 408.943621, 17861.861247, 104, 0, 104
20625, 0, 408.057864, 17921.378684, 116, 0, 116
20664, 0, 420.269819, 18032.294665, 108, 0, 108
20881, 0, 427.509043, 18034.346594, 107, 0, 107
21292, 0, 415.384896, 16264.984852, 113, 0, 113
21035, 0, 428.167520, 17623.902445, 109, 0, 109
20904, 0, 433.535488, 18115.325356, 110, 0, 110
21555, 0, 410.593297, 14884.604657, 108, 0, 108
20773, 0, 418.746882, 18194.064591, 101, 0, 101
21274, 0, 418.303566, 17246.973432, 98, 0, 98
21046, 0, 448.269554, 17831.877451, 116, 0, 116
21242, 0, 431.766555, 17286.566819, 129, 0, 129
21508, 0, 420.950779, 15113.037407, 127, 0, 127
21317, 0, 436.407804, 16571.136376, 108, 0, 108
20991, 0, 451.200832, 18294.765264, 118, 0, 118
20892, 0, 460.669138, 18376.378740, 127, 0, 127
20900, 0, 465.211852, 18411.801657, 111, 0, 111
20976, 0, 458.563452, 18355.602560, 121, 0, 121
21388, 0, 438.531215, 16666.652683, 127, 0, 127
20767, 0, 446.897178, 18526.449376, 110, 0, 110
20778, 0, 447.927765, 18529.170085, 110, 0, 110
20697, 0, 469.088712, 18539.729604, 122, 0, 122
21155, 0, 454.552657, 18073.837437, 115, 0, 115
20804, 0, 456.781608, 18606.766200, 115, 0, 115
21129, 0, 466.084886, 18159.115346, 130, 0, 130
21107, 0, 459.288983, 18186.575550, 110, 0, 110
21324, 0, 479.462982, 16899.608548, 131, 0, 131
21209, 0, 485.727791, 17622.515092, 124, 0, 124
20878, 0, 508.866089, 18765.016127, 128, 0, 128
21369, 0, 487.005102, 17054.736444, 122, 0, 122
21523, 0, 485.537052, 15622.575418, 123, 0, 123
20638, 0, 517.018300, 18924.492580, 139, 0, 139
21112, 0, 499.820974, 18478.410947, 124, 0, 124
21453, 0, 503.367224, 16463.446936, 127, 0, 127
20716, 0, 538.234369, 18944.546564, 150, 0, 150
21364, 0, 512.329112, 17173.474280, 138, 0, 138
20771, 0, 514.083925, 18999.619315, 132, 0, 132
21347, 0, 513.233234, 17201.659020, 132, 0, 132
20894, 0, 545.408066, 18995.659919, 141, 0, 141
21493, 0, 526.011838, 16567.311641, 127, 0, 127
20963, 0, 594.440965, 18976.729127, 157, 0, 157
20757, 0, 621.460458, 19081.534691, 157, 0, 157
21414, 0, 561.200477, 16662.096056, 145, 0, 145
21600, 0, 536.284789, 15913.790494, 129, 0, 129
21605, 0, 617.811057, 15876.367103, 159, 0, 159
21236, 0, 575.166158, 18123.610368, 139, 0, 139
21550, 0, 616.829371, 15922.827291, 155, 0, 155
20792, 0, 585.502212, 19250.459586, 144, 0, 144
21276, 0, 573.309815, 18191.835166, 137, 0, 137
21009, 0, 597.896020, 19175.856943, 148, 0, 148
21167, 0, 604.689652, 18179.726957, 151, 0, 151
21298, 0, 600.989539, 17470.946033, 149, 0, 149
20762, 0, 631.715528, 19257.594420, 163, 0, 163
21260, 0, 594.829465, 18211.570185, 148, 0, 148
20829, 0, 628.628324, 19274.207710, 155, 0, 155
21243, 0, 619.099251, 18194.886709, 152, 0, 152
20761, 0, 638.532712, 19274.575837, 149, 0, 149
21519, 0, 618.864367, 16021.406041, 147, 0, 147
21171, 0, 643.126987, 18197.092010, 157, 0, 157
