1, 29407, 0, 19.912866, 1042.321899, 15, 0, 15
0, 29406, 0, 21.053921, 1105.666609, 42, 0, 42
2, 29408, 0, 22.885694, 1435.763711, 15, 0, 15
8, 29414, 0, 16.042025, 1630.076576, 4, 0, 4
157, 29563, 0, 16.787487, 1716.328461, 9, 0, 9
155, 29561, 0, 16.317392, 1777.123880, 6, 0, 6
5, 29411, 0, 17.132714, 1801.979237, 7, 0, 7
163, 29569, 0, 17.588841, 1879.617594, 7, 0, 7
150, 29556, 0, 18.150504, 2013.721012, 5, 0, 5
162, 29568, 0, 18.170182, 2014.575842, 7, 0, 7
22, 29428, 0, 18.111902, 2023.753559, 5, 0, 5
3, 29409, 0, 18.260155, 2064.321518, 5, 0, 5
75, 29481, 0, 18.225612, 2077.659436, 5, 0, 5
169, 29575, 0, 18.825015, 2166.643032, 7, 0, 7
28, 29434, 0, 19.722651, 2181.684425, 4, 0, 4
41, 29447, 0, 13.902472, 2223.372080, 3, 0, 3
10, 29416, 0, 19.228506, 2254.677325, 7, 0, 7
158, 29564, 0, 19.353375, 2257.882269, 6, 0, 6
208, 29614, 0, 15.220535, 2272.058601, 4, 0, 4
145, 29551, 0, 18.386868, 2282.897275, 9, 0, 9
12, 29418, 0, 19.507784, 2318.407009, 10, 0, 10
141, 29547, 0, 18.586051, 2322.826033, 5, 0, 5
152, 29558, 0, 18.789614, 2338.401148, 6, 0, 6
164, 29570, 0, 19.724000, 2341.354231, 11, 0, 11
178, 29584, 0, 17.976635, 2346.819174, 5, 0, 5
271, 29677, 0, 15.584339, 2357.938958, 4, 0, 4
238, 29644, 0, 15.666365, 2367.132822, 4, 0, 4
323, 29729, 0, 14.400995, 2290.873781, 4, 0, 4
25, 29431, 0, 20.127212, 2421.331553, 19, 0, 19
29, 29435, 0, 21.614846, 2435.969354, 8, 0, 8
103, 29509, 0, 15.729423, 2462.871197, 7, 0, 7
113, 29519, 0, 16.109128, 2534.446678, 6, 0, 6
70, 29476, 0, 16.141561, 2535.976840, 4, 0, 4
44, 29450, 0, 16.260586, 2548.803815, 4, 0, 4
131, 29537, 0, 17.113902, 2549.220671, 4, 0, 4
159, 29565, 0, 20.933688, 2556.191705, 8, 0, 8
4, 29410, 0, 20.993679, 2569.350904, 11, 0, 11
154, 29560, 0, 21.104326, 2568.102591, 9, 0, 9
248, 29654, 0, 17.188502, 2628.983954, 4, 0, 4
126, 29532, 0, 16.832196, 2653.152777, 4, 0, 4
116, 29522, 0, 16.863528, 2657.836497, 4, 0, 4
129, 29535, 0, 18.220208, 2700.088394, 5, 0, 5
6, 29412, 0, 21.936831, 2704.690270, 6, 0, 6
173, 29579, 0, 20.033553, 2728.413169, 6, 0, 6
138, 29544, 0, 18.983017, 2767.431711, 5, 0, 5
89, 29495, 0, 17.545884, 2794.900277, 7, 0, 7
88, 29494, 0, 17.684329, 2834.656092, 5, 0, 5
93, 29499, 0, 17.827318, 2889.071454, 9, 0, 9
307, 29713, 0, 20.166729, 3542.448489, 5, 0, 5
161, 29567, 0, 22.874403, 2893.937042, 6, 0, 6
153, 29559, 0, 22.533829, 2923.007228, 11, 0, 11
245, 29651, 0, 18.552921, 2988.132820, 5, 0, 5
212, 29618, 0, 18.650516, 3013.816049, 5, 0, 5
117, 29523, 0, 18.303848, 3020.615617, 5, 0, 5
11, 29417, 0, 22.947622, 3021.014254, 11, 0, 11
289, 29695, 0, 18.398515, 3690.867530, 5, 0, 5
13, 29419, 0, 25.315838, 3693.039777, 10, 0, 10
201, 29607, 0, 21.754558, 3693.884029, 5, 0, 5
406, 29812, 0, 15.570249, 3158.462199, 4, 0, 4
315, 29721, 0, 20.352712, 3601.190165, 5, 0, 5
30, 29436, 0, 27.446300, 3729.801609, 11, 0, 11
175, 29581, 0, 24.627287, 3735.852372, 7, 0, 7
20, 29426, 0, 25.548566, 3744.553005, 6, 0, 6
357, 29763, 0, 19.689662, 3636.664352, 5, 0, 5
312, 29718, 0, 20.705428, 3638.700361, 5, 0, 5
186, 29592, 0, 21.881752, 3755.222404, 6, 0, 6
77, 29483, 0, 22.201102, 3765.453213, 6, 0, 6
239, 29645, 0, 21.903675, 3765.006857, 5, 0, 5
358, 29764, 0, 19.871647, 3668.427651, 5, 0, 5
76, 29482, 0, 22.277096, 3801.402924, 7, 0, 7
136, 29542, 0, 22.499853, 3807.497766, 5, 0, 5
336, 29742, 0, 20.709510, 3708.129913, 6, 0, 6
130, 29536, 0, 22.608320, 3827.689105, 8, 0, 8
255, 29661, 0, 22.224436, 3828.395752, 6, 0, 6
222, 29628, 0, 22.400833, 3833.302572, 5, 0, 5
109, 29515, 0, 21.845875, 3840.692194, 6, 0, 6
165, 29571, 0, 26.610110, 3838.610345, 11, 0, 11
355, 29761, 0, 20.255500, 3731.530387, 5, 0, 5
415, 29821, 0, 15.764598, 3310.242826, 4, 0, 4
282, 29688, 0, 19.899402, 3852.688650, 9, 0, 9
98, 29504, 0, 22.040310, 3861.058261, 6, 0, 6
196, 29602, 0, 22.421660, 3865.627209, 5, 0, 5
168, 29574, 0, 26.865908, 3866.246709, 6, 0, 6
32, 29438, 0, 22.913860, 3879.317374, 7, 0, 7
179, 29585, 0, 25.360696, 3875.494428, 6, 0, 6
72, 29478, 0, 24.252009, 3891.559388, 7, 0, 7
329, 29735, 0, 21.340899, 3787.451231, 6, 0, 6
279, 29685, 0, 20.259192, 3920.970909, 6, 0, 6
65, 29471, 0, 23.166040, 3932.949898, 6, 0, 6
108, 29514, 0, 22.641733, 3936.067292, 8, 0, 8
43, 29449, 0, 23.204254, 3945.782292, 7, 0, 7
27, 29433, 0, 23.925395, 3953.658778, 6, 0, 6
122, 29528, 0, 22.665788, 3955.359978, 16, 0, 16
392, 29798, 0, 18.391563, 3412.302420, 7, 0, 7
215, 29621, 0, 22.763425, 3952.367355, 6, 0, 6
23, 29429, 0, 27.314019, 3958.589556, 9, 0, 9
263, 29669, 0, 22.768597, 3955.357992, 8, 0, 8
213, 29619, 0, 18.715851, 3016.720533, 5, 0, 5
133, 29539, 0, 19.270173, 3026.909848, 5, 0, 5
281, 29687, 0, 23.041623, 3026.341354, 9, 0, 9
247, 29653, 0, 18.962445, 3059.229803, 4, 0, 4
140, 29546, 0, 21.523546, 3067.946781, 6, 0, 6
232, 29638, 0, 19.030562, 3087.706323, 5, 0, 5
243, 29649, 0, 19.070081, 3091.640195, 4, 0, 4
47, 29453, 0, 23.362130, 3969.787359, 9, 0, 9
142, 29548, 0, 26.783248, 3963.116194, 6, 0, 6
16, 29422, 0, 23.294259, 3114.712854, 6, 0, 6
37, 29443, 0, 23.388672, 3978.230476, 5, 0, 5
220, 29626, 0, 22.823707, 3976.217473, 6, 0, 6
87, 29493, 0, 23.426678, 3988.845325, 7, 0, 7
297, 29703, 0, 20.348369, 3992.305136, 6, 0, 6
230, 29636, 0, 22.849138, 3991.825762, 8, 0, 8
92, 29498, 0, 25.294339, 3997.757205, 8, 0, 8
192, 29598, 0, 24.153591, 3995.654688, 6, 0, 6
199, 29605, 0, 19.292491, 3116.298509, 5, 0, 5
265, 29671, 0, 19.341647, 3118.757670, 5, 0, 5
249, 29655, 0, 19.424350, 3127.242342, 5, 0, 5
180, 29586, 0, 25.807201, 4010.737685, 6, 0, 6
187, 29593, 0, 23.050095, 4013.563722, 5, 0, 5
384, 29790, 0, 19.288311, 3472.081215, 5, 0, 5
111, 29517, 0, 18.712173, 3139.708740, 4, 0, 4
334, 29740, 0, 17.244465, 3027.728871, 4, 0, 4
26, 29432, 0, 23.396251, 3146.504094, 5, 0, 5
172, 29578, 0, 22.557911, 3141.958100, 5, 0, 5
80, 29486, 0, 19.045056, 3153.081099, 5, 0, 5
209, 29615, 0, 19.779158, 3175.501611, 5, 0, 5
60, 29466, 0, 19.159540, 3185.564558, 8, 0, 8
36, 29442, 0, 19.185750, 3194.234847, 5, 0, 5
146, 29552, 0, 22.981510, 3190.667819, 6, 0, 6
52, 29458, 0, 23.518705, 4029.568152, 8, 0, 8
224, 29630, 0, 19.893310, 3191.301125, 6, 0, 6
221, 29627, 0, 19.905369, 3193.605942, 5, 0, 5
313, 29719, 0, 21.984748, 3915.853107, 5, 0, 5
24, 29430, 0, 23.650509, 3202.309445, 8, 0, 8
21, 29427, 0, 23.711121, 3215.097666, 8, 0, 8
214, 29620, 0, 20.076391, 3215.332495, 5, 0, 5
259, 29665, 0, 20.116722, 3222.217433, 5, 0, 5
225, 29631, 0, 20.133385, 3223.279881, 5, 0, 5
177, 29583, 0, 26.772577, 4028.606869, 6, 0, 6
258, 29664, 0, 26.603495, 4027.310051, 7, 0, 7
311, 29717, 0, 22.170685, 3923.816929, 5, 0, 5
269, 29675, 0, 23.186642, 4038.824072, 5, 0, 5
353, 29759, 0, 22.033617, 3926.277488, 5, 0, 5
68, 29474, 0, 23.586157, 4044.862122, 7, 0, 7
381, 29787, 0, 18.553863, 3505.123440, 5, 0, 5
106, 29512, 0, 22.869513, 4051.759932, 14, 0, 14
96, 29502, 0, 23.610525, 4056.047967, 6, 0, 6
229, 29635, 0, 23.490862, 4067.218162, 6, 0, 6
310, 29716, 0, 22.404326, 3955.735792, 6, 0, 6
174, 29580, 0, 22.617905, 3230.212502, 5, 0, 5
94, 29500, 0, 19.433176, 3240.150287, 6, 0, 6
66, 29472, 0, 19.531117, 3265.057637, 5, 0, 5
132, 29538, 0, 23.974765, 4078.119876, 7, 0, 7
51, 29457, 0, 22.441585, 3812.917105, 6, 0, 6
293, 29699, 0, 20.780470, 4084.134953, 6, 0, 6
373, 29779, 0, 18.781113, 3548.682557, 5, 0, 5
252, 29658, 0, 23.651953, 4090.450314, 6, 0, 6
451, 29857, 0, 18.528149, 3566.496043, 4, 0, 4
379, 29785, 0, 18.888434, 3576.479128, 12, 0, 12
73, 29479, 0, 23.903297, 4124.059420, 9, 0, 9
128, 29534, 0, 23.214508, 4123.187290, 9, 0, 9
331, 29737, 0, 22.429029, 4006.093954, 6, 0, 6
302, 29708, 0, 24.766689, 4120.423336, 6, 0, 6
218, 29624, 0, 24.014730, 4131.370744, 6, 0, 6
276, 29682, 0, 22.632046, 4131.025068, 6, 0, 6
38, 29444, 0, 23.979181, 4141.447908, 10, 0, 10
241, 29647, 0, 24.269329, 4134.104568, 6, 0, 6
193, 29599, 0, 24.107949, 4136.856534, 6, 0, 6
54, 29460, 0, 23.996849, 4144.975721, 8, 0, 8
254, 29660, 0, 24.164853, 4140.729997, 6, 0, 6
19, 29425, 0, 27.989234, 4146.124639, 9, 0, 9
118, 29524, 0, 23.477329, 4166.773152, 12, 0, 12
234, 29640, 0, 24.456909, 4166.108905, 6, 0, 6
275, 29681, 0, 18.602304, 3258.811500, 5, 0, 5
81, 29487, 0, 24.281394, 4195.814291, 12, 0, 12
46, 29452, 0, 24.370975, 4224.325098, 7, 0, 7
35, 29441, 0, 24.380608, 4225.374770, 8, 0, 8
250, 29656, 0, 24.988858, 4217.097886, 7, 0, 7
197, 29603, 0, 26.325090, 4229.459743, 6, 0, 6
114, 29520, 0, 23.919292, 4238.704084, 6, 0, 6
100, 29506, 0, 24.040885, 4271.581496, 8, 0, 8
484, 29890, 0, 16.147165, 3727.688303, 5, 0, 5
335, 29741, 0, 22.951671, 4161.756197, 6, 0, 6
223, 29629, 0, 26.321304, 4276.849749, 5, 0, 5
236, 29642, 0, 20.411507, 3258.166357, 5, 0, 5
266, 29672, 0, 20.422518, 3261.953284, 5, 0, 5
332, 29738, 0, 18.529494, 3177.992715, 5, 0, 5
166, 29572, 0, 24.222616, 3292.587471, 7, 0, 7
242, 29648, 0, 20.672909, 3293.756613, 5, 0, 5
262, 29668, 0, 20.781152, 3301.999296, 6, 0, 6
137, 29543, 0, 26.642602, 3316.629992, 7, 0, 7
246, 29652, 0, 20.924476, 3326.447458, 5, 0, 5
79, 29485, 0, 19.934772, 3339.921029, 8, 0, 8
48, 29454, 0, 19.946792, 3345.516953, 7, 0, 7
202, 29608, 0, 20.960800, 3342.983053, 6, 0, 6
91, 29497, 0, 19.976407, 3364.328091, 6, 0, 6
176, 29582, 0, 23.125482, 3358.618703, 7, 0, 7
67, 29473, 0, 20.072333, 3376.568311, 6, 0, 6
314, 29720, 0, 19.350884, 3306.620654, 5, 0, 5
69, 29475, 0, 20.339683, 3436.562070, 8, 0, 8
274, 29680, 0, 19.339482, 3430.470961, 4, 0, 4
231, 29637, 0, 25.121380, 4284.056951, 6, 0, 6
58, 29464, 0, 20.375623, 3464.000948, 5, 0, 5
62, 29468, 0, 20.403400, 3472.064209, 12, 0, 12
149, 29555, 0, 25.053133, 3476.106350, 18, 0, 18
50, 29456, 0, 20.483681, 3512.199565, 8, 0, 8
184, 29590, 0, 21.117257, 3515.077767, 5, 0, 5
78, 29484, 0, 20.583684, 3530.896153, 6, 0, 6
298, 29704, 0, 18.993136, 3529.646547, 4, 0, 4
55, 29461, 0, 20.591853, 3540.377150, 6, 0, 6
190, 29596, 0, 25.219537, 4302.717296, 7, 0, 7
375, 29781, 0, 19.968390, 3788.150861, 7, 0, 7
123, 29529, 0, 24.281759, 4334.542798, 7, 0, 7
383, 29789, 0, 20.032841, 3803.016291, 8, 0, 8
363, 29769, 0, 20.104406, 3811.390591, 5, 0, 5
105, 29511, 0, 24.329931, 4354.970685, 6, 0, 6
299, 29705, 0, 24.405578, 4356.801167, 8, 0, 8
104, 29510, 0, 24.386000, 4370.464664, 7, 0, 7
330, 29736, 0, 23.567783, 4253.278450, 6, 0, 6
198, 29604, 0, 25.373576, 4374.213637, 6, 0, 6
352, 29758, 0, 18.966724, 3425.445636, 6, 0, 6
319, 29725, 0, 19.845119, 3433.137776, 5, 0, 5
228, 29634, 0, 21.214155, 3549.656556, 5, 0, 5
277, 29683, 0, 19.804305, 3557.487862, 5, 0, 5
320, 29726, 0, 20.458112, 3448.454897, 5, 0, 5
217, 29623, 0, 21.320192, 3582.322564, 5, 0, 5
391, 29797, 0, 20.202137, 3846.299595, 9, 0, 9
83, 29489, 0, 20.766702, 3594.566452, 5, 0, 5
125, 29531, 0, 24.543636, 4393.531644, 10, 0, 10
170, 29576, 0, 24.962707, 3599.586996, 9, 0, 9
328, 29734, 0, 19.908827, 3488.685086, 5, 0, 5
278, 29684, 0, 20.046446, 3617.205824, 5, 0, 5
376, 29782, 0, 20.280940, 3862.752188, 9, 0, 9
15, 29421, 0, 29.204807, 4409.076301, 11, 0, 11
183, 29589, 0, 25.485685, 4418.837916, 7, 0, 7
99, 29505, 0, 24.657319, 4422.234157, 11, 0, 11
288, 29694, 0, 21.809189, 4419.258486, 5, 0, 5
321, 29727, 0, 23.982934, 4317.467125, 6, 0, 6
388, 29794, 0, 20.443946, 3898.170484, 6, 0, 6
260, 29666, 0, 25.512253, 4436.804877, 7, 0, 7
489, 29895, 0, 16.766372, 3899.316889, 4, 0, 4
143, 29549, 0, 29.103821, 4456.573772, 9, 0, 9
71, 29477, 0, 24.850706, 4479.448796, 6, 0, 6
397, 29803, 0, 19.458701, 3939.078596, 5, 0, 5
380, 29786, 0, 20.705560, 3942.275029, 9, 0, 9
31, 29437, 0, 24.949007, 4496.735400, 8, 0, 8
318, 29724, 0, 24.377415, 4388.956081, 7, 0, 7
351, 29757, 0, 19.274741, 3521.079256, 5, 0, 5
85, 29491, 0, 25.061617, 4518.152715, 10, 0, 10
569, 29996, 0, 16.427701, 3588.882421, 10, 0, 10
339, 29745, 0, 24.116043, 4436.445309, 6, 0, 6
253, 29659, 0, 25.805851, 4559.918962, 7, 0, 7
134, 29540, 0, 26.585164, 4563.770317, 9, 0, 9
237, 29643, 0, 25.978719, 4588.535929, 6, 0, 6
151, 29557, 0, 30.733837, 4589.869173, 12, 0, 12
185, 29591, 0, 26.020122, 4598.362469, 7, 0, 7
53, 29459, 0, 25.422047, 4607.101874, 8, 0, 8
418, 29824, 0, 20.135463, 4066.793691, 8, 0, 8
435, 29841, 0, 19.953599, 4081.545065, 6, 0, 6
420, 29826, 0, 18.665700, 4091.256357, 6, 0, 6
267, 29673, 0, 26.219214, 4630.428736, 7, 0, 7
219, 29625, 0, 26.799338, 4632.195141, 8, 0, 8
216, 29622, 0, 26.235361, 4633.158248, 6, 0, 6
290, 29696, 0, 23.011860, 4642.758463, 7, 0, 7
362, 29768, 0, 22.142896, 4106.892593, 7, 0, 7
446, 29852, 0, 20.069972, 4108.840875, 4, 0, 4
119, 29525, 0, 26.450027, 4659.686002, 9, 0, 9
400, 29806, 0, 20.492890, 4125.910069, 5, 0, 5
207, 29613, 0, 26.482879, 4664.989519, 6, 0, 6
34, 29440, 0, 26.354741, 4674.775941, 11, 0, 11
306, 29712, 0, 25.279591, 4565.532507, 6, 0, 6
389, 29795, 0, 22.328042, 4144.276792, 8, 0, 8
345, 29751, 0, 20.952385, 3507.078585, 4, 0, 4
317, 29723, 0, 20.242690, 3512.799881, 5, 0, 5
148, 29554, 0, 25.086446, 3628.286229, 7, 0, 7
303, 29709, 0, 20.362866, 3636.891111, 5, 0, 5
264, 29670, 0, 21.569920, 3640.207229, 5, 0, 5
428, 29834, 0, 20.646219, 4170.206252, 5, 0, 5
226, 29632, 0, 26.808653, 4712.049298, 6, 0, 6
410, 29816, 0, 19.980988, 4178.060364, 6, 0, 6
63, 29469, 0, 26.983251, 4721.899278, 9, 0, 9
200, 29606, 0, 26.908538, 4717.976793, 7, 0, 7
296, 29702, 0, 23.931930, 4718.728785, 7, 0, 7
300, 29706, 0, 25.313900, 4731.325352, 6, 0, 6
494, 29900, 0, 17.951287, 3817.641336, 7, 0, 7
408, 29814, 0, 20.207418, 4211.291382, 6, 0, 6
606, 30034, 0, 17.851456, 3818.488043, 5, 0, 5
472, 29878, 0, 19.038999, 4217.323782, 5, 0, 5
256, 29662, 0, 28.902250, 4753.263690, 7, 0, 7
426, 29832, 0, 22.108228, 4219.749975, 6, 0, 6
195, 29601, 0, 27.188280, 4777.060413, 7, 0, 7
356, 29762, 0, 25.022550, 4667.000765, 6, 0, 6
273, 29679, 0, 26.056657, 4792.056693, 6, 0, 6
45, 29451, 0, 27.392313, 4802.077467, 7, 0, 7
443, 29849, 0, 20.877509, 4256.778097, 9, 0, 9
97, 29503, 0, 27.255842, 4804.064870, 23, 0, 23
342, 29748, 0, 25.613722, 4687.097762, 6, 0, 6
107, 29513, 0, 27.331778, 4815.198561, 16, 0, 16
56, 29462, 0, 27.480264, 4821.386797, 8, 0, 8
390, 29796, 0, 23.083405, 4275.967587, 7, 0, 7
592, 30020, 0, 17.287902, 3891.404992, 5, 0, 5
387, 29793, 0, 23.168903, 4288.057612, 9, 0, 9
421, 29827, 0, 20.593003, 4289.549960, 7, 0, 7
417, 29823, 0, 20.629318, 4297.088916, 5, 0, 5
658, 30086, 0, 17.988955, 3993.036640, 6, 0, 6
441, 29847, 0, 24.950594, 5004.111565, 8, 0, 8
552, 29979, 0, 22.793134, 4611.364970, 7, 0, 7
577, 30004, 0, 21.639429, 4615.521724, 5, 0, 5
588, 30015, 0, 21.352609, 4623.330966, 8, 0, 8
450, 29856, 0, 27.023015, 5022.569026, 6, 0, 6
578, 30005, 0, 21.742888, 4635.419693, 7, 0, 7
447, 29853, 0, 24.960815, 5032.158087, 8, 0, 8
361, 29767, 0, 25.685582, 5034.007978, 7, 0, 7
492, 29898, 0, 22.555753, 4645.085636, 7, 0, 7
585, 30012, 0, 17.519695, 3907.438748, 4, 0, 4
369, 29775, 0, 23.381181, 4311.864560, 7, 0, 7
101, 29507, 0, 27.618422, 4855.601160, 8, 0, 8
333, 29739, 0, 26.300825, 4738.650962, 7, 0, 7
579, 30006, 0, 17.733664, 3919.215856, 4, 0, 4
413, 29819, 0, 20.830210, 4329.740597, 5, 0, 5
322, 29728, 0, 26.650064, 4762.504638, 6, 0, 6
206, 29612, 0, 27.625553, 4883.738564, 7, 0, 7
542, 29969, 0, 22.663721, 4655.423552, 7, 0, 7
458, 29864, 0, 20.347442, 4344.694627, 5, 0, 5
497, 29907, 0, 18.648953, 3957.661944, 9, 0, 9
407, 29813, 0, 22.906064, 4347.521964, 5, 0, 5
444, 29850, 0, 21.242163, 4348.592733, 5, 0, 5
127, 29533, 0, 27.790612, 4895.254748, 10, 0, 10
501, 29911, 0, 18.692142, 3962.066696, 5, 0, 5
496, 29902, 0, 19.989667, 3963.757616, 6, 0, 6
338, 29744, 0, 26.514819, 4802.304223, 7, 0, 7
548, 29975, 0, 19.205527, 3991.042168, 5, 0, 5
475, 29881, 0, 24.083612, 5080.140468, 6, 0, 6
438, 29844, 0, 25.604820, 5087.580667, 7, 0, 7
613, 30041, 0, 19.691555, 4088.662601, 7, 0, 7
635, 30063, 0, 19.693085, 4089.790881, 5, 0, 5
614, 30042, 0, 19.759157, 4100.808569, 5, 0, 5
574, 30001, 0, 22.953503, 4726.121453, 15, 0, 15
436, 29842, 0, 21.663394, 4383.906595, 5, 0, 5
454, 29860, 0, 21.176955, 4404.571496, 8, 0, 8
565, 29992, 0, 19.136350, 4018.817086, 5, 0, 5
568, 29995, 0, 23.444323, 4738.787163, 12, 0, 12
366, 29772, 0, 25.023523, 4414.763171, 6, 0, 6
416, 29822, 0, 25.334550, 5133.045205, 7, 0, 7
452, 29858, 0, 21.271809, 4416.094979, 6, 0, 6
533, 29955, 0, 18.903947, 4027.646019, 7, 0, 7
571, 29998, 0, 19.044897, 4034.232417, 5, 0, 5
474, 29880, 0, 20.382240, 4431.839813, 5, 0, 5
481, 29887, 0, 20.181675, 4439.742500, 5, 0, 5
530, 29952, 0, 18.994744, 4055.539729, 5, 0, 5
337, 29743, 0, 26.865824, 4878.253945, 6, 0, 6
287, 29693, 0, 25.473219, 5016.405642, 9, 0, 9
555, 29982, 0, 23.497199, 4742.719277, 10, 0, 10
393, 29799, 0, 28.099739, 5138.405315, 10, 0, 10
377, 29783, 0, 27.930194, 5151.199151, 8, 0, 8
464, 29870, 0, 25.103464, 5155.794735, 6, 0, 6
449, 29855, 0, 25.649761, 5158.945531, 7, 0, 7
409, 29815, 0, 25.700025, 5170.558029, 7, 0, 7
398, 29804, 0, 27.143139, 5169.483334, 8, 0, 8
708, 30136, 0, 19.212267, 4169.929406, 13, 0, 13
534, 29956, 0, 23.485667, 4786.835355, 9, 0, 9
549, 29976, 0, 24.146044, 4785.727699, 8, 0, 8
554, 29981, 0, 24.160103, 4798.087048, 16, 0, 16
718, 30146, 0, 18.989144, 4189.956281, 7, 0, 7
595, 30023, 0, 22.534947, 4806.301880, 6, 0, 6
587, 30014, 0, 22.916530, 4813.816206, 8, 0, 8
434, 29840, 0, 26.794490, 5208.278363, 8, 0, 8
459, 29865, 0, 25.668365, 5210.939523, 6, 0, 6
747, 30175, 0, 19.932486, 4204.084742, 7, 0, 7
692, 30120, 0, 19.512191, 4218.137073, 6, 0, 6
477, 29883, 0, 25.218418, 5231.099372, 9, 0, 9
662, 30090, 0, 19.825201, 4227.118962, 6, 0, 6
673, 30101, 0, 17.328656, 3465.159329, 4, 0, 4
74, 29480, 0, 28.430666, 5034.036035, 9, 0, 9
448, 29854, 0, 22.136034, 4500.918696, 8, 0, 8
607, 30035, 0, 20.763863, 4232.160257, 5, 0, 5
564, 29991, 0, 21.886470, 4115.565229, 11, 0, 11
682, 30110, 0, 15.438417, 3502.546946, 4, 0, 4
557, 29984, 0, 24.479639, 4857.232568, 11, 0, 11
404, 29810, 0, 27.595994, 5254.609702, 7, 0, 7
684, 30112, 0, 19.900171, 4250.333026, 5, 0, 5
517, 29939, 0, 23.873804, 4871.109421, 8, 0, 8
455, 29861, 0, 26.405889, 5266.520375, 7, 0, 7
524, 29946, 0, 25.789418, 4872.852060, 10, 0, 10
621, 30049, 0, 21.089334, 4263.316269, 6, 0, 6
511, 29933, 0, 24.134054, 4895.368892, 9, 0, 9
525, 29947, 0, 24.150923, 4895.654038, 8, 0, 8
480, 29886, 0, 25.759500, 5294.891785, 10, 0, 10
582, 30009, 0, 24.280651, 4901.290314, 6, 0, 6
590, 30018, 0, 23.276684, 4905.568143, 7, 0, 7
427, 29833, 0, 27.299574, 5310.820965, 7, 0, 7
575, 30002, 0, 23.802792, 4919.291843, 7, 0, 7
476, 29882, 0, 26.086308, 5317.966109, 7, 0, 7
386, 29792, 0, 29.754447, 5333.341011, 16, 0, 16
631, 30059, 0, 17.270092, 3330.244817, 4, 0, 4
529, 29951, 0, 24.802880, 4950.012653, 12, 0, 12
634, 30062, 0, 21.906466, 4345.570870, 5, 0, 5
704, 30132, 0, 20.373421, 4348.853206, 6, 0, 6
566, 29993, 0, 25.389640, 4976.222944, 7, 0, 7
581, 30008, 0, 23.887592, 4981.098842, 6, 0, 6
627, 30055, 0, 22.026341, 4370.080289, 7, 0, 7
467, 29873, 0, 26.905117, 5381.421452, 7, 0, 7
495, 29901, 0, 24.950201, 4990.561771, 12, 0, 12
691, 30119, 0, 20.901539, 4384.853691, 5, 0, 5
515, 29937, 0, 25.049320, 5006.590571, 8, 0, 8
507, 29929, 0, 25.258696, 5013.936166, 12, 0, 12
403, 29809, 0, 28.877468, 5405.393259, 6, 0, 6
541, 29967, 0, 25.279112, 5017.609648, 6, 0, 6
689, 30117, 0, 21.276409, 4408.568257, 8, 0, 8
667, 30095, 0, 20.642387, 4409.822588, 7, 0, 7
657, 30085, 0, 20.733094, 4413.933028, 6, 0, 6
538, 29960, 0, 25.409403, 5037.123706, 8, 0, 8
523, 29945, 0, 21.516808, 4469.322161, 5, 0, 5
431, 29837, 0, 24.400144, 4509.041321, 8, 0, 8
292, 29698, 0, 25.598276, 5055.459867, 13, 0, 13
326, 29732, 0, 27.696512, 4949.891769, 6, 0, 6
283, 29689, 0, 25.793110, 5067.375401, 8, 0, 8
445, 29851, 0, 24.150668, 4524.806166, 9, 0, 9
536, 29958, 0, 25.615799, 5057.688318, 18, 0, 18
465, 29871, 0, 21.208622, 4527.661400, 8, 0, 8
561, 29988, 0, 20.267980, 4137.900941, 7, 0, 7
512, 29934, 0, 25.658306, 5061.627097, 6, 0, 6
457, 29863, 0, 21.983424, 4534.895721, 7, 0, 7
414, 29820, 0, 21.746490, 4568.302382, 7, 0, 7
505, 29927, 0, 19.546765, 4211.886289, 6, 0, 6
466, 29872, 0, 21.420711, 4611.037129, 5, 0, 5
412, 29818, 0, 21.834225, 4612.211561, 10, 0, 10
382, 29788, 0, 25.555026, 4621.586048, 17, 0, 17
439, 29845, 0, 22.816395, 4626.524998, 10, 0, 10
433, 29839, 0, 22.987156, 4626.680068, 8, 0, 8
437, 29843, 0, 22.884496, 4629.140554, 7, 0, 7
205, 29611, 0, 24.689709, 4199.263041, 7, 0, 7
540, 29966, 0, 19.674145, 4242.576671, 14, 0, 14
191, 29597, 0, 29.230788, 5186.701047, 7, 0, 7
341, 29747, 0, 27.606861, 5076.787442, 7, 0, 7
374, 29780, 0, 24.886770, 4650.377745, 15, 0, 15
479, 29885, 0, 21.231180, 4664.369129, 6, 0, 6
395, 29801, 0, 23.512696, 4674.925012, 6, 0, 6
532, 29954, 0, 19.801424, 4294.599740, 7, 0, 7
491, 29897, 0, 19.839067, 4299.965934, 10, 0, 10
371, 29777, 0, 24.985565, 4698.612264, 10, 0, 10
508, 29930, 0, 19.937632, 4315.220682, 9, 0, 9
594, 30022, 0, 19.178796, 4317.377501, 7, 0, 7
543, 29970, 0, 20.676716, 4323.400918, 6, 0, 6
399, 29805, 0, 23.730282, 4723.109617, 6, 0, 6
424, 29830, 0, 22.310443, 4731.881080, 7, 0, 7
572, 29999, 0, 20.427281, 4344.750553, 13, 0, 13
453, 29859, 0, 22.724034, 4742.120735, 7, 0, 7
364, 29770, 0, 25.306585, 4746.401585, 15, 0, 15
470, 29876, 0, 21.878498, 4754.377381, 7, 0, 7
189, 29595, 0, 29.507488, 5298.412815, 11, 0, 11
385, 29791, 0, 25.297438, 4761.422815, 8, 0, 8
33, 29439, 0, 29.541438, 5307.620727, 12, 0, 12
120, 29526, 0, 29.676864, 5305.128982, 8, 0, 8
327, 29733, 0, 28.516278, 5188.130973, 7, 0, 7
544, 29971, 0, 20.888109, 4381.330839, 7, 0, 7
350, 29756, 0, 27.852114, 5202.154477, 7, 0, 7
535, 29957, 0, 20.359164, 4382.136326, 5, 0, 5
396, 29802, 0, 24.031631, 4794.617349, 6, 0, 6
102, 29508, 0, 30.022680, 5340.742549, 10, 0, 10
440, 29846, 0, 23.375830, 4814.373346, 6, 0, 6
121, 29527, 0, 30.319426, 5372.026758, 12, 0, 12
468, 29874, 0, 22.483004, 4838.235643, 5, 0, 5
683, 30111, 0, 22.441955, 4456.649838, 8, 0, 8
694, 30122, 0, 17.125830, 3840.546588, 4, 0, 4
546, 29973, 0, 21.569495, 4464.389172, 5, 0, 5
560, 29987, 0, 21.928795, 4463.575850, 10, 0, 10
286, 29692, 0, 27.737245, 5397.343661, 11, 0, 11
354, 29760, 0, 28.506290, 5291.492890, 7, 0, 7
316, 29722, 0, 29.432651, 5292.299255, 7, 0, 7
490, 29896, 0, 21.568850, 4478.135630, 5, 0, 5
604, 30032, 0, 19.399623, 4484.956210, 6, 0, 6
563, 29990, 0, 26.070173, 5076.315231, 7, 0, 7
483, 29889, 0, 27.127780, 5469.803864, 6, 0, 6
401, 29807, 0, 24.844338, 4881.911434, 6, 0, 6
240, 29646, 0, 29.980600, 5428.466223, 7, 0, 7
394, 29800, 0, 24.868421, 4889.767926, 6, 0, 6
567, 29994, 0, 22.090076, 4507.479507, 7, 0, 7
411, 29817, 0, 23.995309, 4906.137979, 6, 0, 6
405, 29811, 0, 24.928933, 4914.468951, 6, 0, 6
545, 29972, 0, 22.045828, 4524.191384, 5, 0, 5
346, 29752, 0, 29.066687, 5346.105254, 7, 0, 7
294, 29700, 0, 28.074908, 5460.927747, 8, 0, 8
272, 29678, 0, 29.801927, 5459.911569, 7, 0, 7
368, 29774, 0, 26.875059, 4924.753197, 10, 0, 10
522, 29944, 0, 21.877434, 4533.177168, 5, 0, 5
528, 29950, 0, 21.913259, 4535.278693, 8, 0, 8
482, 29888, 0, 22.791028, 4929.221583, 6, 0, 6
518, 29940, 0, 21.938119, 4541.097827, 10, 0, 10
623, 30051, 0, 23.932542, 4464.109185, 6, 0, 6
486, 29892, 0, 22.772251, 4937.065586, 5, 0, 5
609, 30037, 0, 25.003554, 4467.265211, 5, 0, 5
520, 29942, 0, 25.926324, 5089.019866, 8, 0, 8
716, 30144, 0, 20.998528, 4473.391244, 9, 0, 9
757, 30185, 0, 19.394941, 3687.664033, 6, 0, 6
654, 30082, 0, 21.203099, 4493.550880, 5, 0, 5
675, 30103, 0, 22.473054, 4491.657186, 5, 0, 5
720, 30148, 0, 24.884608, 4491.875501, 9, 0, 9
707, 30135, 0, 21.829344, 4499.808611, 8, 0, 8
722, 30150, 0, 17.142105, 3939.596877, 10, 0, 10
360, 29766, 0, 25.219861, 4958.384838, 9, 0, 9
471, 29877, 0, 23.974082, 5032.492843, 6, 0, 6
473, 29879, 0, 27.702928, 5513.243447, 9, 0, 9
499, 29909, 0, 22.040679, 4565.744170, 7, 0, 7
487, 29893, 0, 22.836454, 4968.980004, 9, 0, 9
527, 29949, 0, 22.177102, 4588.363361, 8, 0, 8
502, 29912, 0, 22.247203, 4597.146607, 7, 0, 7
601, 30029, 0, 20.730068, 4595.734938, 6, 0, 6
752, 30180, 0, 19.916152, 4508.379539, 7, 0, 7
818, 30246, 0, 18.214060, 3723.477429, 5, 0, 5
430, 29836, 0, 28.398607, 5521.028575, 9, 0, 9
633, 30061, 0, 23.166500, 4512.276945, 5, 0, 5
596, 30024, 0, 20.579162, 4552.131830, 5, 0, 5
638, 30066, 0, 23.226608, 4520.132295, 6, 0, 6
788, 30216, 0, 21.607522, 3736.343048, 7, 0, 7
550, 29977, 0, 22.824955, 4615.189940, 5, 0, 5
367, 29773, 0, 31.126584, 5544.292762, 9, 0, 9
602, 30030, 0, 24.530025, 5159.881175, 7, 0, 7
504, 29922, 0, 26.553844, 5164.727953, 8, 0, 8
781, 30209, 0, 19.568544, 3764.201605, 6, 0, 6
622, 30050, 0, 23.444512, 4548.349878, 9, 0, 9
777, 30205, 0, 19.912700, 3766.371450, 6, 0, 6
730, 30158, 0, 22.895019, 4553.620667, 9, 0, 9
589, 30016, 0, 25.020361, 5175.631583, 9, 0, 9
802, 30230, 0, 18.079244, 3779.546293, 7, 0, 7
648, 30076, 0, 22.207282, 4584.760365, 5, 0, 5
653, 30081, 0, 22.279232, 4590.615347, 7, 0, 7
754, 30182, 0, 22.823734, 4589.748267, 19, 0, 19
651, 30079, 0, 22.330730, 4596.814194, 6, 0, 6
599, 30027, 0, 25.227601, 5223.313389, 7, 0, 7
493, 29899, 0, 26.911751, 5224.841175, 6, 0, 6
628, 30056, 0, 24.138352, 4611.471098, 6, 0, 6
753, 30181, 0, 21.200740, 4614.540047, 8, 0, 8
580, 30007, 0, 25.815450, 5235.653302, 10, 0, 10
663, 30091, 0, 22.483264, 4644.012295, 5, 0, 5
461, 29867, 0, 29.468588, 5655.168335, 7, 0, 7
559, 29986, 0, 27.359832, 5266.366590, 7, 0, 7
629, 30057, 0, 24.522477, 4651.123244, 10, 0, 10
751, 30179, 0, 20.970794, 4652.247826, 12, 0, 12
586, 30013, 0, 25.915203, 5275.820549, 6, 0, 6
498, 29908, 0, 27.306500, 5277.081978, 9, 0, 9
688, 30116, 0, 24.661130, 4661.382982, 10, 0, 10
539, 29965, 0, 27.344865, 5280.931979, 11, 0, 11
598, 30026, 0, 25.791205, 5286.634394, 7, 0, 7
714, 30142, 0, 23.862688, 4670.502635, 7, 0, 7
760, 30188, 0, 20.139645, 3894.904668, 6, 0, 6
605, 30033, 0, 25.638455, 5298.683754, 7, 0, 7
610, 30038, 0, 20.351177, 4151.938141, 6, 0, 6
649, 30077, 0, 23.185030, 4695.970773, 6, 0, 6
531, 29953, 0, 27.680258, 5318.814677, 7, 0, 7
510, 29932, 0, 27.703690, 5320.046505, 10, 0, 10
767, 30195, 0, 20.516013, 3922.171664, 5, 0, 5
732, 30160, 0, 22.277642, 4710.176694, 7, 0, 7
537, 29959, 0, 27.903256, 5330.358911, 9, 0, 9
769, 30197, 0, 20.572301, 3929.966445, 5, 0, 5
442, 29848, 0, 30.280990, 5722.797382, 8, 0, 8
432, 29838, 0, 30.564630, 5725.260449, 14, 0, 14
603, 30031, 0, 26.305894, 5338.028745, 8, 0, 8
810, 30238, 0, 20.077086, 3941.419057, 5, 0, 5
668, 30096, 0, 23.571855, 4732.001651, 7, 0, 7
506, 29928, 0, 28.120544, 5348.347254, 8, 0, 8
509, 29931, 0, 28.305572, 5351.448662, 8, 0, 8
701, 30129, 0, 23.989999, 4745.370808, 7, 0, 7
526, 29948, 0, 28.417767, 5363.523994, 8, 0, 8
671, 30099, 0, 26.115228, 4760.241060, 7, 0, 7
745, 30173, 0, 23.913861, 4762.142364, 13, 0, 13
693, 30121, 0, 24.426515, 4769.177271, 8, 0, 8
573, 30000, 0, 30.283044, 5390.900918, 15, 0, 15
558, 29985, 0, 28.928332, 5396.957705, 16, 0, 16
672, 30100, 0, 23.943845, 4786.285171, 7, 0, 7
665, 30093, 0, 25.733114, 4788.748124, 6, 0, 6
785, 30213, 0, 20.881456, 4009.239337, 12, 0, 12
821, 30249, 0, 19.611842, 4015.893897, 5, 0, 5
641, 30069, 0, 26.017247, 4798.400932, 8, 0, 8
679, 30107, 0, 25.055334, 4801.023093, 6, 0, 6
570, 29997, 0, 28.984903, 5428.456018, 11, 0, 11
717, 30145, 0, 24.107583, 4817.495221, 11, 0, 11
687, 30115, 0, 25.891059, 4827.862984, 11, 0, 11
600, 30028, 0, 23.295444, 4977.248632, 7, 0, 7
895, 30323, 0, 19.819991, 3406.513644, 7, 0, 7
750, 30178, 0, 24.853089, 4861.144384, 11, 0, 11
686, 30114, 0, 25.753739, 4860.650063, 10, 0, 10
944, 30372, 0, 16.358296, 3412.154307, 5, 0, 5
782, 30210, 0, 21.744299, 4080.538064, 15, 0, 15
637, 30065, 0, 26.588973, 4869.216794, 9, 0, 9
674, 30102, 0, 26.124400, 4868.540902, 8, 0, 8
713, 30141, 0, 25.524988, 4868.770492, 11, 0, 11
617, 30045, 0, 26.931029, 4889.134247, 10, 0, 10
680, 30108, 0, 26.129385, 4893.964077, 12, 0, 12
770, 30198, 0, 22.258919, 4116.604762, 6, 0, 6
519, 29941, 0, 30.050532, 5520.828692, 11, 0, 11
706, 30134, 0, 25.063116, 4912.173518, 8, 0, 8
696, 30124, 0, 25.949565, 4915.579426, 11, 0, 11
741, 30169, 0, 24.556562, 4916.132147, 8, 0, 8
724, 30152, 0, 24.587539, 4918.053044, 7, 0, 7
738, 30166, 0, 23.979633, 4924.648431, 9, 0, 9
905, 30333, 0, 18.871967, 3471.295689, 5, 0, 5
700, 30128, 0, 25.934573, 4931.460069, 9, 0, 9
670, 30098, 0, 24.774648, 4933.523203, 6, 0, 6
719, 30147, 0, 24.795475, 4936.711109, 7, 0, 7
295, 29701, 0, 36.593333, 6484.578310, 7, 0, 7
756, 30184, 0, 22.653786, 4152.970911, 9, 0, 9
703, 30131, 0, 25.975275, 4938.297752, 11, 0, 11
829, 30257, 0, 20.450598, 4160.582177, 7, 0, 7
725, 30153, 0, 24.599383, 4948.686223, 6, 0, 6
742, 30170, 0, 25.955818, 4950.237873, 10, 0, 10
656, 30084, 0, 25.049909, 4953.856697, 6, 0, 6
768, 30196, 0, 22.740673, 4171.916064, 7, 0, 7
735, 30163, 0, 24.388705, 4960.179299, 8, 0, 8
841, 30269, 0, 19.863180, 3508.296098, 5, 0, 5
729, 30157, 0, 24.684387, 4975.907500, 10, 0, 10
814, 30242, 0, 22.601874, 4194.614049, 8, 0, 8
625, 30053, 0, 27.736361, 4984.448780, 7, 0, 7
705, 30133, 0, 29.014160, 4984.264634, 8, 0, 8
896, 30324, 0, 21.667813, 3532.446456, 12, 0, 12
950, 30378, 0, 16.004738, 3540.314369, 6, 0, 6
784, 30212, 0, 22.215786, 4211.914280, 8, 0, 8
798, 30226, 0, 21.911382, 4213.564319, 12, 0, 12
850, 30278, 0, 18.070195, 3545.619229, 6, 0, 6
660, 30088, 0, 25.411651, 5002.289022, 8, 0, 8
808, 30236, 0, 22.754876, 4215.769251, 12, 0, 12
647, 30075, 0, 27.665078, 5003.679273, 8, 0, 8
840, 30268, 0, 20.760565, 4220.463217, 6, 0, 6
878, 30306, 0, 19.763811, 3559.828063, 13, 0, 13
799, 30227, 0, 22.906212, 4231.335711, 13, 0, 13
831, 30259, 0, 21.073765, 4233.024143, 5, 0, 5
774, 30202, 0, 23.346501, 4232.297203, 6, 0, 6
848, 30276, 0, 19.509804, 3569.162708, 5, 0, 5
942, 30370, 0, 18.403005, 3566.589015, 5, 0, 5
652, 30080, 0, 25.652957, 5023.500602, 7, 0, 7
615, 30043, 0, 28.236650, 5024.730905, 9, 0, 9
815, 30243, 0, 23.048591, 4242.728786, 7, 0, 7
733, 30161, 0, 25.230573, 5047.757738, 20, 0, 20
639, 30067, 0, 28.679061, 5047.126565, 7, 0, 7
697, 30125, 0, 26.882758, 5047.101701, 8, 0, 8
875, 30303, 0, 20.152164, 3602.750132, 11, 0, 11
659, 30087, 0, 25.920000, 5056.792684, 15, 0, 15
797, 30225, 0, 22.604768, 4275.561615, 23, 0, 23
873, 30301, 0, 20.357691, 3609.228000, 8, 0, 8
676, 30104, 0, 27.722344, 5058.877802, 8, 0, 8
771, 30199, 0, 24.058587, 4286.517427, 6, 0, 6
824, 30252, 0, 21.628804, 4287.356614, 7, 0, 7
787, 30215, 0, 23.001397, 4291.108475, 14, 0, 14
723, 30151, 0, 26.222530, 5078.587222, 9, 0, 9
645, 30073, 0, 26.243905, 5085.002853, 8, 0, 8
885, 30313, 0, 20.860552, 3641.776894, 13, 0, 13
762, 30190, 0, 24.395530, 4310.473367, 7, 0, 7
779, 30207, 0, 23.233585, 4319.238209, 13, 0, 13
961, 30389, 0, 17.381058, 2854.486763, 4, 0, 4
761, 30189, 0, 24.440203, 4322.762499, 5, 0, 5
801, 30229, 0, 24.660646, 4321.998208, 13, 0, 13
904, 30332, 0, 20.811558, 3657.060863, 4, 0, 4
926, 30354, 0, 19.861521, 3665.264549, 5, 0, 5
811, 30239, 0, 25.708787, 4335.695174, 16, 0, 16
743, 30171, 0, 28.039832, 5124.577723, 12, 0, 12
666, 30094, 0, 26.592650, 5139.908133, 7, 0, 7
825, 30253, 0, 23.834315, 4357.255538, 7, 0, 7
897, 30325, 0, 21.471369, 3689.050876, 10, 0, 10
937, 30365, 0, 19.737050, 3693.137844, 5, 0, 5
803, 30231, 0, 26.623378, 4359.741566, 13, 0, 13
857, 30285, 0, 20.992939, 3694.455274, 6, 0, 6
795, 30223, 0, 24.252954, 4362.946509, 11, 0, 11
833, 30261, 0, 22.319522, 4370.567416, 6, 0, 6
772, 30200, 0, 24.934299, 4369.848221, 7, 0, 7
899, 30327, 0, 21.308963, 3703.148585, 9, 0, 9
612, 30040, 0, 29.988828, 5158.520954, 10, 0, 10
985, 30413, 0, 17.596046, 2913.076292, 6, 0, 6
734, 30162, 0, 26.957370, 5164.855941, 12, 0, 12
664, 30092, 0, 27.311089, 5179.427839, 10, 0, 10
794, 30222, 0, 24.818822, 4393.645439, 9, 0, 9
870, 30298, 0, 23.915278, 3727.229216, 11, 0, 11
699, 30127, 0, 28.640921, 5181.452144, 8, 0, 8
618, 30046, 0, 30.239732, 5182.374425, 8, 0, 8
731, 30159, 0, 28.182478, 5182.314395, 17, 0, 17
879, 30307, 0, 23.921798, 3731.387665, 20, 0, 20
927, 30355, 0, 20.913357, 3732.339215, 6, 0, 6
936, 30364, 0, 20.545318, 3736.709437, 6, 0, 6
900, 30328, 0, 21.956649, 3736.765596, 6, 0, 6
773, 30201, 0, 25.717235, 4409.095136, 7, 0, 7
726, 30154, 0, 28.107922, 5192.771569, 10, 0, 10
865, 30293, 0, 20.134989, 3743.347368, 4, 0, 4
611, 30039, 0, 30.497032, 5194.232006, 7, 0, 7
916, 30344, 0, 20.816202, 3744.658641, 7, 0, 7
793, 30221, 0, 24.892923, 4421.549202, 8, 0, 8
979, 30407, 0, 18.429682, 2957.010620, 5, 0, 5
776, 30204, 0, 24.974520, 4429.689879, 17, 0, 17
746, 30174, 0, 27.406496, 5214.329757, 9, 0, 9
816, 30244, 0, 25.761908, 4431.393544, 7, 0, 7
749, 30177, 0, 27.573595, 5220.423468, 10, 0, 10
792, 30220, 0, 25.052880, 4438.044867, 6, 0, 6
918, 30346, 0, 20.083507, 3769.401715, 5, 0, 5
789, 30217, 0, 25.148522, 4440.957838, 16, 0, 16
842, 30270, 0, 23.267399, 3772.787344, 6, 0, 6
736, 30164, 0, 27.906756, 5228.426035, 10, 0, 10
949, 30377, 0, 18.980220, 3777.212417, 8, 0, 8
677, 30105, 0, 30.211012, 5232.171078, 11, 0, 11
838, 30266, 0, 24.984699, 4447.669506, 6, 0, 6
744, 30172, 0, 27.725509, 5236.447038, 15, 0, 15
889, 30317, 0, 23.005087, 3783.431946, 11, 0, 11
876, 30304, 0, 22.998894, 3792.332276, 17, 0, 17
962, 30390, 0, 19.315991, 2996.756570, 5, 0, 5
804, 30232, 0, 25.624286, 4471.882919, 10, 0, 10
748, 30176, 0, 29.206941, 5258.723182, 11, 0, 11
886, 30314, 0, 23.501022, 3815.024531, 14, 0, 14
791, 30219, 0, 25.862056, 4486.525946, 12, 0, 12
710, 30138, 0, 29.651149, 5270.643102, 22, 0, 22
943, 30371, 0, 21.437805, 3827.018066, 6, 0, 6
727, 30155, 0, 28.962868, 5279.687947, 7, 0, 7
945, 30373, 0, 19.463690, 3828.969127, 9, 0, 9
887, 30315, 0, 23.781812, 3830.974191, 16, 0, 16
891, 30319, 0, 23.641366, 3835.125524, 8, 0, 8
806, 30234, 0, 26.261921, 4507.425739, 21, 0, 21
941, 30369, 0, 21.936963, 3846.991934, 6, 0, 6
921, 30349, 0, 20.546568, 3853.285575, 6, 0, 6
913, 30341, 0, 20.895570, 3861.004600, 7, 0, 7
796, 30224, 0, 30.156881, 4527.693732, 14, 0, 14
758, 30186, 0, 27.650195, 4535.604799, 8, 0, 8
871, 30299, 0, 24.514672, 3867.037085, 13, 0, 13
783, 30211, 0, 26.604586, 4543.638751, 11, 0, 11
933, 30361, 0, 22.620645, 3894.348542, 5, 0, 5
922, 30350, 0, 23.110549, 3898.761694, 7, 0, 7
856, 30284, 0, 21.414959, 3914.593227, 6, 0, 6
984, 30412, 0, 20.061603, 3119.000067, 5, 0, 5
967, 30395, 0, 20.030780, 3123.557734, 7, 0, 7
805, 30233, 0, 27.042882, 4594.454681, 10, 0, 10
938, 30366, 0, 23.056612, 3925.645849, 6, 0, 6
822, 30250, 0, 25.041819, 4599.933785, 6, 0, 6
929, 30357, 0, 23.314092, 3929.736190, 6, 0, 6
991, 30419, 0, 21.997380, 3136.567243, 6, 0, 6
790, 30218, 0, 29.507957, 4602.682741, 12, 0, 12
908, 30336, 0, 21.967945, 3940.644825, 7, 0, 7
807, 30235, 0, 27.444218, 4610.015144, 9, 0, 9
977, 30405, 0, 20.403081, 3146.531568, 5, 0, 5
965, 30393, 0, 21.353479, 3150.610676, 7, 0, 7
931, 30359, 0, 23.425127, 3949.956182, 6, 0, 6
843, 30271, 0, 22.115696, 3962.099753, 7, 0, 7
880, 30308, 0, 26.319198, 3957.524460, 16, 0, 16
911, 30339, 0, 22.118436, 3960.670682, 7, 0, 7
990, 30418, 0, 20.579204, 3167.032277, 5, 0, 5
812, 30240, 0, 27.904641, 4637.856335, 7, 0, 7
973, 30401, 0, 20.783042, 3178.984313, 6, 0, 6
830, 30258, 0, 25.600144, 4647.357383, 7, 0, 7
866, 30294, 0, 22.825537, 3988.821931, 7, 0, 7
890, 30318, 0, 26.007313, 3984.850929, 11, 0, 11
917, 30345, 0, 22.143578, 3987.347619, 7, 0, 7
902, 30330, 0, 25.693707, 3986.617643, 8, 0, 8
951, 30379, 0, 22.345973, 3990.022814, 6, 0, 6
988, 30416, 0, 21.218538, 3197.443967, 5, 0, 5
874, 30302, 0, 28.467813, 3992.597042, 23, 0, 23
819, 30247, 0, 25.869259, 4667.484854, 6, 0, 6
867, 30295, 0, 26.916828, 4000.191326, 8, 0, 8
864, 30292, 0, 23.334601, 4012.527224, 8, 0, 8
910, 30338, 0, 22.664966, 4019.326293, 7, 0, 7
849, 30277, 0, 23.685763, 4023.951172, 6, 0, 6
832, 30260, 0, 27.052348, 4693.577455, 7, 0, 7
836, 30264, 0, 26.094314, 4694.799885, 6, 0, 6
892, 30320, 0, 26.858236, 4027.896762, 12, 0, 12
960, 30388, 0, 23.191928, 3241.213424, 6, 0, 6
826, 30254, 0, 27.176636, 4709.759745, 9, 0, 9
964, 30392, 0, 23.275667, 3244.334633, 6, 0, 6
828, 30256, 0, 27.423774, 4718.014680, 10, 0, 10
898, 30326, 0, 26.916469, 4056.716587, 7, 0, 7
764, 30192, 0, 30.677418, 4728.920261, 8, 0, 8
823, 30251, 0, 27.744858, 4729.771274, 9, 0, 9
755, 30183, 0, 30.801724, 4730.273598, 11, 0, 11
669, 30097, 0, 32.216484, 5517.271912, 11, 0, 11
935, 30363, 0, 26.017368, 4067.046959, 6, 0, 6
739, 30167, 0, 32.655158, 5523.815356, 9, 0, 9
989, 30417, 0, 22.917370, 3280.114739, 6, 0, 6
966, 30394, 0, 22.631049, 3284.801810, 6, 0, 6
858, 30286, 0, 24.481409, 4091.499420, 7, 0, 7
881, 30309, 0, 27.776362, 4088.872022, 18, 0, 18
996, 30424, 0, 23.042322, 3291.960407, 9, 0, 9
844, 30272, 0, 24.860704, 4095.374188, 6, 0, 6
932, 30360, 0, 26.053963, 4091.338597, 9, 0, 9
983, 30411, 0, 25.184695, 3297.977246, 8, 0, 8
860, 30288, 0, 27.599696, 4099.085316, 9, 0, 9
993, 30421, 0, 23.196411, 3307.281074, 6, 0, 6
869, 30297, 0, 24.993946, 4110.001160, 10, 0, 10
934, 30362, 0, 26.140820, 4127.250197, 6, 0, 6
930, 30358, 0, 26.296255, 4127.358566, 9, 0, 9
992, 30420, 0, 23.348061, 3332.976570, 6, 0, 6
978, 30406, 0, 23.733407, 3335.193657, 6, 0, 6
837, 30265, 0, 28.396362, 4808.126286, 7, 0, 7
952, 30380, 0, 19.858972, 3916.610939, 7, 0, 7
953, 30381, 0, 23.974105, 4156.481994, 7, 0, 7
835, 30263, 0, 28.780556, 4824.796023, 8, 0, 8
986, 30414, 0, 23.590881, 3359.443233, 6, 0, 6
995, 30423, 0, 23.707880, 3362.837675, 6, 0, 6
712, 30140, 0, 35.910382, 5613.141459, 7, 0, 7
883, 30311, 0, 28.882543, 4164.060104, 13, 0, 13
888, 30316, 0, 29.240553, 4165.389441, 13, 0, 13
827, 30255, 0, 29.250540, 4839.770034, 7, 0, 7
946, 30374, 0, 24.892044, 4179.493174, 8, 0, 8
847, 30275, 0, 26.406192, 4185.310042, 9, 0, 9
971, 30399, 0, 24.277627, 3391.130108, 6, 0, 6
959, 30387, 0, 29.619401, 3595.030497, 8, 0, 8
845, 30273, 0, 27.368524, 4193.354234, 10, 1, 9
765, 30193, 0, 33.079304, 4866.883902, 9, 1, 8
924, 30352, 0, 29.245080, 4205.804071, 11, 1, 10
855, 30283, 0, 28.626605, 4202.006830, 8, 1, 7
920, 30348, 0, 27.064259, 4214.911738, 8, 1, 7
912, 30340, 0, 27.887801, 4215.288751, 10, 1, 9
893, 30321, 0, 34.576029, 4420.008888, 14, 0, 14
963, 30391, 0, 30.876864, 3627.522857, 7, 0, 7
863, 30291, 0, 28.541238, 4239.627862, 11, 1, 10
969, 30397, 0, 27.899467, 3441.871080, 13, 1, 12
868, 30296, 0, 28.388380, 4241.327111, 8, 1, 7
914, 30342, 0, 29.133584, 4234.645158, 9, 1, 8
851, 30279, 0, 29.149195, 4247.482755, 14, 1, 13
884, 30312, 0, 32.823624, 4237.869604, 25, 1, 24
928, 30356, 0, 29.361245, 4248.699776, 10, 1, 9
958, 30386, 0, 30.511210, 3464.781810, 12, 1, 11
968, 30396, 0, 27.856996, 3460.199487, 14, 1, 13
834, 30262, 0, 33.819033, 4925.194010, 6, 1, 5
948, 30376, 0, 29.910870, 4263.020980, 11, 1, 10
956, 30384, 0, 29.272959, 3635.061166, 8, 0, 8
862, 30290, 0, 30.794821, 4267.935401, 8, 1, 7
861, 30289, 0, 31.028016, 4282.507826, 14, 1, 13
955, 30383, 0, 28.908083, 4289.015617, 8, 1, 7
972, 30400, 0, 27.246455, 3497.048296, 9, 1, 8
954, 30382, 0, 28.552785, 4293.128286, 10, 1, 9
852, 30280, 0, 29.882712, 4299.235305, 10, 1, 9
998, 30426, 0, 27.187932, 3512.160649, 8, 1, 7
854, 30282, 0, 30.859288, 4310.966291, 8, 1, 7
551, 29978, 0, 44.847528, 6388.577096, 7, 1, 6
987, 30415, 0, 27.626868, 3531.890694, 7, 1, 6
859, 30287, 0, 30.041295, 4330.409698, 8, 1, 7
997, 30425, 0, 27.900306, 3543.222647, 9, 1, 8
976, 30404, 0, 29.649662, 3641.304625, 11, 0, 11
817, 30245, 0, 37.876495, 5139.294809, 8, 0, 8
766, 30194, 0, 39.590176, 5175.106053, 7, 0, 7
147, 29553, 0, 281.420450, 16412.783764, 81, 0, 81
325, 29731, 0, 283.975009, 17569.101413, 79, 0, 79
270, 29676, 0, 295.602490, 17794.939708, 83, 0, 83
882, 30310, 0, 278.364357, 14803.755226, 90, 0, 90
95, 29501, 0, 286.062667, 17869.253232, 81, 0, 81
233, 29639, 0, 301.449543, 18001.886232, 76, 0, 76
49, 29455, 0, 280.236003, 17732.826674, 71, 0, 71
591, 30019, 0, 291.501934, 17205.418739, 76, 0, 76
343, 29749, 0, 301.972117, 18406.949581, 85, 0, 85
619, 30047, 0, 302.554175, 17105.657952, 103, 0, 103
82, 29488, 0, 302.892153, 18725.228971, 76, 0, 76
820, 30248, 0, 300.069148, 16430.082688, 84, 0, 84
349, 29755, 0, 316.559168, 18788.068313, 87, 0, 87
460, 29866, 0, 311.352243, 18406.140875, 84, 0, 84
636, 30064, 0, 305.599328, 17514.518211, 79, 0, 79
994, 30422, 0, 301.069988, 15278.121089, 92, 0, 92
616, 30044, 0, 315.359285, 17581.052617, 100, 0, 100
211, 29617, 0, 353.748600, 19269.909294, 105, 0, 105
39, 29445, 0, 315.749778, 19323.034668, 83, 0, 83
737, 30165, 0, 328.929438, 17803.944974, 111, 0, 111
999, 30427, 0, 309.350708, 15629.213230, 76, 0, 76
203, 29609, 0, 360.499717, 19468.313243, 118, 0, 118
42, 29448, 0, 329.149567, 19760.744613, 85, 0, 85
839, 30267, 0, 325.483832, 17431.697922, 80, 0, 80
925, 30353, 0, 309.709989, 16827.840475, 87, 0, 87
786, 30214, 0, 332.395415, 17530.939758, 90, 0, 90
135, 29541, 0, 360.386171, 19877.809379, 122, 0, 122
370, 29776, 0, 329.814514, 19434.330274, 84, 0, 84
514, 29936, 0, 329.105157, 19048.626819, 84, 0, 84
740, 30168, 0, 348.448885, 18500.425506, 113, 0, 113
469, 29875, 0, 340.891732, 19547.655237, 89, 0, 89
597, 30025, 0, 344.544825, 19188.308738, 92, 0, 92
940, 30368, 0, 324.588769, 17177.415996, 85, 0, 85
171, 29577, 0, 382.513059, 20210.465866, 111, 0, 111
422, 29828, 0, 342.467083, 19843.522413, 107, 0, 107
975, 30403, 0, 331.994913, 16795.656040, 85, 0, 85
980, 30408, 0, 333.242931, 16833.981280, 86, 0, 86
630, 30058, 0, 347.220394, 19104.525429, 104, 0, 104
702, 30130, 0, 345.521331, 19164.165069, 88, 0, 88
681, 30109, 0, 347.466223, 19211.250821, 96, 0, 96
547, 29974, 0, 367.861732, 19826.578881, 117, 0, 117
304, 29710, 0, 391.022659, 20870.084260, 143, 0, 143
846, 30274, 0, 359.234070, 17900.896708, 90, 0, 90
593, 30021, 0, 380.597091, 20260.563325, 96, 0, 96
644, 30072, 0, 378.348208, 19661.114047, 99, 0, 99
923, 30351, 0, 358.121055, 18247.977017, 90, 0, 90
583, 30010, 0, 383.014192, 20318.339446, 102, 0, 102
939, 30367, 0, 358.817901, 18322.293480, 108, 0, 108
661, 30089, 0, 385.023330, 19830.130497, 106, 0, 106
521, 29943, 0, 372.192277, 20487.818124, 96, 0, 96
721, 30149, 0, 384.421047, 19777.303730, 115, 0, 115
620, 30048, 0, 384.047772, 19940.353341, 104, 0, 104
463, 29869, 0, 390.583512, 21010.447346, 122, 0, 122
763, 30191, 0, 373.327654, 19261.791580, 121, 0, 121
348, 29754, 0, 403.330029, 21481.659958, 118, 0, 118
340, 29746, 0, 389.718307, 21513.451671, 103, 0, 103
194, 29600, 0, 429.226006, 21615.466940, 129, 0, 129
9, 29415, 0, 422.737072, 21779.864310, 137, 0, 137
64, 29470, 0, 403.152569, 21846.011825, 109, 0, 109
872, 30300, 0, 399.642589, 18847.986570, 122, 0, 122
698, 30126, 0, 384.365796, 20341.839317, 106, 0, 106
378, 29784, 0, 420.640902, 21347.756758, 147, 0, 147
759, 30187, 0, 387.508130, 19663.779082, 110, 0, 110
167, 29573, 0, 434.473429, 21995.170368, 145, 0, 145
903, 30331, 0, 399.963321, 19046.271115, 121, 0, 121
280, 29686, 0, 401.884797, 22072.197416, 107, 0, 107
678, 30106, 0, 392.020051, 20526.472217, 99, 0, 99
646, 30074, 0, 414.138287, 20533.647042, 104, 0, 104
584, 30011, 0, 417.768934, 21152.076975, 104, 0, 104
57, 29463, 0, 413.961720, 22171.275044, 141, 0, 141
402, 29808, 0, 417.860928, 21620.681469, 117, 0, 117
728, 30156, 0, 429.708887, 20823.483887, 140, 0, 140
907, 30335, 0, 423.356864, 19439.391129, 113, 0, 113
982, 30410, 0, 420.633538, 18650.585432, 115, 0, 115
86, 29492, 0, 427.528903, 22556.076737, 143, 0, 143
456, 29862, 0, 423.721277, 22025.539512, 110, 0, 110
632, 30060, 0, 420.396925, 21099.267875, 118, 0, 118
359, 29765, 0, 439.453588, 22556.835618, 118, 0, 118
257, 29663, 0, 446.623603, 22683.884602, 127, 0, 127
344, 29750, 0, 440.231975, 22769.500485, 122, 0, 122
235, 29641, 0, 461.396199, 22950.133062, 122, 0, 122
251, 29657, 0, 461.266093, 22977.757591, 124, 0, 124
84, 29490, 0, 456.298054, 22996.063581, 118, 0, 118
110, 29516, 0, 477.774442, 23009.625104, 141, 0, 141
780, 30208, 0, 449.668054, 20697.237330, 131, 0, 131
347, 29753, 0, 449.587606, 22987.364804, 125, 0, 125
284, 29690, 0, 446.951833, 23127.127011, 118, 0, 118
685, 30113, 0, 437.289742, 21594.249786, 116, 0, 116
40, 29446, 0, 465.872618, 23199.751275, 125, 0, 125
210, 29616, 0, 497.879315, 23178.291714, 127, 0, 127
957, 30385, 0, 453.558109, 19443.454640, 146, 0, 146
308, 29714, 0, 458.793219, 23152.054881, 119, 0, 119
556, 29983, 0, 482.629110, 22327.584319, 153, 0, 153
61, 29467, 0, 472.455014, 23329.186742, 132, 0, 132
906, 30334, 0, 464.868138, 20374.737847, 148, 0, 148
160, 29566, 0, 498.272579, 23387.458886, 162, 0, 162
709, 30137, 0, 483.697084, 21866.331886, 186, 0, 186
182, 29588, 0, 480.731787, 23572.497309, 134, 0, 134
775, 30203, 0, 464.322952, 21307.529232, 120, 0, 120
655, 30083, 0, 494.909597, 22184.560656, 131, 0, 131
365, 29771, 0, 525.707164, 23302.327067, 173, 0, 173
204, 29610, 0, 539.410316, 23841.018837, 144, 0, 144
562, 29989, 0, 527.037943, 23043.119871, 168, 0, 168
503, 29914, 0, 497.890592, 23166.261640, 144, 0, 144
690, 30118, 0, 501.228831, 22545.031872, 136, 0, 136
112, 29518, 0, 545.874537, 24081.099429, 174, 0, 174
516, 29938, 0, 500.147514, 23199.344736, 136, 0, 136
90, 29496, 0, 517.408087, 24127.731819, 147, 0, 147
144, 29550, 0, 516.485334, 24127.106402, 149, 0, 149
642, 30070, 0, 520.665445, 22579.540481, 134, 0, 134
915, 30343, 0, 512.772388, 21127.770228, 137, 0, 137
188, 29594, 0, 556.878649, 24111.702973, 149, 0, 149
268, 29674, 0, 526.629811, 24151.894425, 133, 0, 133
488, 29894, 0, 529.939074, 23714.358200, 140, 0, 140
59, 29465, 0, 528.535976, 24268.548430, 136, 0, 136
425, 29831, 0, 530.134940, 23779.933773, 153, 0, 153
423, 29829, 0, 531.217803, 23787.345767, 137, 0, 137
429, 29835, 0, 544.070514, 23785.874609, 144, 0, 144
813, 30241, 0, 520.107909, 22013.657478, 147, 0, 147
139, 29545, 0, 535.388108, 24399.022319, 152, 0, 152
513, 29935, 0, 523.107853, 23492.868806, 146, 0, 146
500, 29910, 0, 546.164875, 23526.019930, 144, 0, 144
324, 29730, 0, 544.029535, 24421.726850, 142, 0, 142
17, 29423, 0, 573.109900, 24517.079452, 193, 0, 193
478, 29884, 0, 561.284569, 23992.504232, 158, 0, 158
624, 30052, 0, 535.031301, 23017.579865, 135, 0, 135
650, 30078, 0, 558.405136, 23013.223058, 138, 0, 138
305, 29711, 0, 554.705264, 24520.801158, 151, 0, 151
115, 29521, 0, 595.552065, 24647.970455, 192, 0, 192
309, 29715, 0, 560.609022, 24566.400698, 143, 0, 143
640, 30068, 0, 556.645769, 23183.711456, 144, 0, 144
285, 29691, 0, 565.009444, 24745.152740, 154, 0, 154
462, 29868, 0, 587.084206, 24182.279086, 155, 0, 155
695, 30123, 0, 574.170002, 23251.891503, 160, 0, 160
981, 30409, 0, 557.740949, 21013.537968, 139, 0, 139
244, 29650, 0, 586.611653, 24808.287839, 173, 0, 173
291, 29697, 0, 582.336186, 24832.162457, 155, 0, 155
853, 30281, 0, 577.480037, 21831.200522, 157, 0, 157
800, 30228, 0, 586.476555, 22507.783442, 160, 0, 160
18, 29424, 0, 610.600222, 24847.657076, 169, 0, 169
576, 30003, 0, 589.156612, 23920.455071, 143, 0, 143
301, 29707, 0, 622.729396, 24858.908760, 184, 0, 184
626, 30054, 0, 589.386389, 23338.662048, 172, 0, 172
901, 30329, 0, 591.742161, 21882.643593, 180, 0, 180
419, 29825, 0, 611.158558, 24367.547244, 165, 0, 165
124, 29530, 0, 629.048457, 24910.356534, 191, 0, 191
553, 29980, 0, 622.668999, 23975.786087, 187, 0, 187
894, 30322, 0, 611.542407, 21939.138836, 174, 0, 174
14, 29420, 0, 633.128923, 24961.714631, 196, 0, 196
643, 30071, 0, 615.559613, 23436.410288, 155, 0, 155
947, 30375, 0, 614.472024, 21994.942760, 156, 0, 156
485, 29891, 0, 625.717462, 24466.540385, 188, 0, 188
181, 29587, 0, 656.565526, 24996.226305, 169, 0, 169
778, 30206, 0, 625.086946, 22680.026008, 168, 0, 168
7, 29413, 0, 657.199029, 25006.232811, 229, 0, 229
715, 30143, 0, 640.246853, 23469.187115, 175, 0, 175
261, 29667, 0, 630.903606, 25044.217009, 168, 0, 168
156, 29562, 0, 666.642023, 25023.287688, 203, 0, 203
909, 30337, 0, 634.637669, 22035.543338, 158, 0, 158
608, 30036, 0, 640.644608, 23496.279469, 215, 0, 215
711, 30139, 0, 649.909925, 23485.017097, 197, 0, 197
372, 29778, 0, 671.083437, 24488.815169, 200, 0, 200
974, 30402, 0, 625.637451, 21270.047574, 163, 0, 163
919, 30347, 0, 652.244214, 22047.038498, 166, 0, 166
227, 29633, 0, 666.627108, 25057.873325, 161, 0, 161
809, 30237, 0, 661.795949, 22717.374175, 167, 0, 167
877, 30305, 0, 673.238396, 22046.158400, 168, 0, 168
970, 30398, 0, 654.968133, 21272.474509, 163, 0, 163
