9860: 1911.252297, 45974.910524, 476, 0, 476
9823: 1915.134284, 46076.178227, 474, 0, 474
9765: 1944.714856, 46549.805330, 485, 0, 485
9794: 1961.460771, 47530.859420, 484, 0, 484
9859: 1998.916689, 47856.185555, 502, 0, 502
9828: 1998.122556, 47997.330622, 494, 0, 494
9849: 1995.919518, 48206.804904, 490, 0, 490
9789: 2024.568916, 48412.478427, 494, 0, 494
9767: 2062.273439, 48422.965550, 506, 0, 506
9856: 2033.703569, 48540.815834, 497, 0, 497
9862: 2037.210962, 48633.151213, 499, 0, 499
9775: 2060.220029, 49581.137800, 515, 0, 515
9841: 2087.195588, 49979.742398, 515, 0, 515
9778: 2092.431286, 50284.545265, 514, 0, 514
9830: 2090.303562, 50297.753288, 507, 0, 507
9854: 2148.894645, 50945.576991, 529, 0, 529
9773: 2137.305489, 51115.882044, 552, 0, 552
9779: 2140.812435, 51256.359501, 536, 0, 536
9818: 2216.771036, 51594.832646, 550, 0, 550
9800: 2169.951299, 51742.442695, 542, 0, 542
9834: 2210.881155, 52412.522590, 543, 0, 543
9782: 2202.026245, 52426.836634, 530, 0, 530
9851: 2223.894162, 52459.093517, 556, 0, 556
9799: 2222.301723, 52646.918960, 560, 0, 560
9847: 2243.875716, 52942.893281, 546, 0, 546
9771: 2253.027453, 53104.899787, 552, 0, 552
9786: 2295.656695, 53817.646420, 567, 0, 567
9861: 2337.421528, 54444.991156, 566, 0, 566
9840: 2407.398602, 55564.085776, 587, 0, 587
9819: 2415.081182, 55736.698524, 600, 0, 600
9845: 2374.404395, 55865.408638, 582, 0, 582
9846: 2384.246105, 56034.712713, 592, 0, 592
9838: 2444.946306, 56122.166948, 617, 0, 617
9826: 2514.634300, 57349.371524, 615, 0, 615
9796: 2543.561676, 57652.924211, 626, 0, 626
9822: 2567.946537, 58151.862489, 644, 0, 644
9810: 2595.875300, 59468.707701, 637, 0, 637
9797: 2674.203664, 59579.078469, 664, 0, 664
9857: 2684.189821, 59766.908117, 670, 0, 670
9795: 2695.701766, 59877.277980, 678, 0, 678
9832: 2734.101392, 60238.982631, 671, 0, 671
9836: 2735.251655, 60252.464422, 677, 0, 677
9772: 2699.821974, 60333.817168, 670, 0, 670
9850: 2703.086738, 60384.251580, 680, 0, 680
9785: 2801.762855, 61327.239715, 695, 0, 695
9769: 2809.701719, 61788.041189, 697, 0, 697
9813: 2805.230421, 61895.766966, 685, 0, 685
9790: 2846.473618, 62242.326606, 707, 0, 707
9839: 2894.549481, 62296.912638, 715, 0, 715
9858: 2910.027791, 62540.738216, 721, 0, 721
9855: 2981.709326, 63281.347888, 731, 0, 731
9801: 2975.642804, 63669.008980, 732, 0, 732
9784: 3032.454612, 63820.604290, 744, 0, 744
9791: 3018.325758, 64094.549389, 746, 0, 746
9827: 2994.049116, 64546.100961, 731, 0, 731
9764: 3137.462702, 64649.169872, 799, 0, 799
9833: 3108.035250, 64783.977889, 751, 0, 751
9812: 3140.320455, 65327.939666, 783, 0, 783
9777: 3167.187428, 65478.572469, 770, 0, 770
9788: 3223.658086, 65681.659201, 801, 0, 801
9780: 3204.363147, 65817.285584, 789, 0, 789
9798: 3149.316572, 65971.656412, 771, 0, 771
9853: 3267.727917, 66016.922715, 818, 0, 818
9809: 3168.705308, 66199.823513, 791, 0, 791
9844: 3186.334152, 66249.166133, 790, 0, 790
9806: 3162.358066, 66306.885990, 780, 0, 780
9817: 3285.576119, 66294.930070, 817, 0, 817
9792: 3240.909469, 66348.246960, 796, 0, 796
9825: 3336.775480, 66551.825481, 819, 0, 819
9824: 3375.728001, 66788.159988, 824, 0, 824
9835: 3362.990038, 66861.214888, 829, 0, 829
9820: 3403.593494, 66928.614722, 839, 0, 839
9863: 3396.917210, 66981.847715, 843, 0, 843
9805: 3302.922416, 67077.637287, 816, 0, 816
9811: 3319.917755, 67104.745674, 819, 0, 819
9774: 3354.623417, 67090.873621, 825, 0, 825
9803: 3328.636258, 67215.913973, 808, 0, 808
9768: 3388.163568, 67265.552037, 839, 0, 839
9842: 3362.636496, 67340.866655, 824, 0, 824
9783: 3437.684086, 67312.054223, 852, 0, 852
9843: 3412.533365, 67526.884966, 848, 0, 848
9814: 3437.174079, 67579.469030, 854, 0, 854
9766: 3471.954961, 67673.872439, 850, 0, 850
9781: 3555.351583, 67718.024734, 861, 0, 861
9837: 3613.868664, 67817.682224, 875, 0, 875
9770: 3564.561031, 67881.129563, 874, 0, 874
9787: 3613.851390, 67847.709077, 879, 0, 879
9793: 3645.716009, 68111.702791, 878, 0, 878
9776: 3662.734354, 68095.604338, 868, 0, 868
9804: 3615.029916, 68145.960875, 878, 0, 878
9831: 3653.840303, 68158.316051, 861, 0, 861
9821: 3794.140050, 68030.130413, 903, 0, 903
9848: 3683.683444, 68159.435442, 880, 0, 880
9802: 3773.760364, 68179.218301, 890, 0, 890
9815: 3800.914750, 68179.206478, 903, 0, 903
9852: 3816.288463, 68191.246467, 925, 0, 925
9808: 3763.842115, 68270.398531, 892, 0, 892
9816: 3789.638743, 68258.528287, 877, 0, 877
9807: 3828.102188, 68240.694024, 884, 0, 884
9829: 3825.203135, 68255.510845, 900, 0, 900
