10614: 1888.654587, 452224.758595, 460, 0, 460
10519: 1897.983973, 455839.898243, 461, 0, 461
11139: 1893.648305, 455135.333073, 461, 0, 461
10476: 1904.132874, 457439.582099, 464, 0, 464
10450: 1907.499883, 458484.677224, 468, 0, 468
11136: 1916.140170, 460493.673666, 474, 0, 474
10634: 1932.550056, 462752.068216, 468, 0, 468
11064: 1919.552150, 462803.956546, 474, 0, 474
11238: 1921.387984, 461848.439031, 472, 0, 472
11057: 1921.591051, 463170.665567, 466, 0, 466
10977: 1939.271937, 465269.850410, 472, 0, 472
11125: 1934.575945, 466571.229406, 470, 0, 470
10741: 1960.199764, 469241.642370, 480, 0, 480
10446: 1976.269044, 474714.365941, 484, 0, 484
10433: 1978.122859, 475150.956593, 485, 0, 485
10975: 1980.499228, 474841.170516, 485, 0, 485
10409: 1994.126732, 476309.584765, 483, 0, 483
10545: 1890.918161, 477541.275531, 467, 0, 467
11333: 1963.321864, 473668.169063, 483, 0, 483
11062: 1978.276008, 476518.344204, 478, 0, 478
11338: 1964.003123, 473833.138366, 474, 0, 474
10393: 2009.275156, 478397.453717, 483, 0, 483
10629: 2000.485754, 478557.543516, 486, 0, 486
11022: 1883.070683, 477554.112646, 463, 0, 463
10918: 1889.134560, 478541.779245, 463, 0, 463
11140: 1990.872057, 477922.924847, 487, 0, 487
10912: 1890.295626, 478796.834403, 462, 0, 462
10539: 1908.047730, 481708.505981, 478, 0, 478
10729: 2013.475444, 481529.130994, 489, 0, 489
10786: 1902.275351, 481445.945428, 466, 0, 466
10787: 1902.315216, 481457.535248, 466, 0, 466
10437: 2016.407932, 484020.899166, 490, 0, 490
10448: 2016.980374, 484137.253543, 492, 0, 492
10755: 1915.615869, 484143.160950, 466, 0, 466
11041: 1903.877943, 482737.139059, 467, 0, 467
11163: 2011.131972, 482685.818085, 483, 0, 483
11385: 1879.513553, 479064.441005, 462, 0, 462
11159: 2020.815502, 484860.801528, 492, 0, 492
10415: 2042.896764, 487391.471062, 502, 0, 502
10973: 2032.542091, 486741.211186, 496, 0, 496
10408: 2044.467611, 487789.807165, 504, 0, 504
10723: 2043.237531, 488239.734070, 502, 0, 502
11378: 1896.677240, 483260.062729, 471, 0, 471
10627: 2044.234700, 488509.380970, 499, 0, 499
10985: 2038.813845, 488194.756407, 492, 0, 492
10748: 1936.778005, 489229.785211, 475, 0, 475
11152: 2033.789462, 487704.111535, 501, 0, 501
11310: 2022.496478, 485051.775559, 484, 0, 484
10628: 2050.471907, 489859.366921, 500, 0, 500
11121: 2030.436294, 488788.257092, 493, 0, 493
11147: 2039.156283, 488814.673716, 499, 0, 499
10412: 2064.048951, 492022.480482, 512, 0, 512
10816: 2048.769740, 492038.612904, 495, 0, 495
10463: 2054.683111, 492730.179837, 498, 0, 498
10600: 1952.222617, 493002.624944, 478, 0, 478
10869: 1948.949034, 492940.921166, 471, 0, 471
11119: 2047.367011, 492543.484885, 496, 0, 496
10636: 2070.526286, 494183.162710, 502, 0, 502
10806: 2062.372343, 495081.850014, 507, 0, 507
10661: 1902.762549, 496087.034525, 471, 0, 471
10982: 2070.806176, 495054.938244, 503, 0, 503
10996: 1892.329714, 494710.326629, 455, 0, 455
10594: 1966.244038, 496330.172845, 477, 0, 477
11383: 1929.031624, 491051.832907, 474, 0, 474
10721: 2081.802734, 496490.391125, 506, 0, 506
10964: 2074.710872, 495747.664820, 516, 0, 516
10436: 2074.925418, 497243.283793, 502, 0, 502
10754: 1971.140610, 497552.730057, 478, 0, 478
11233: 2069.586093, 495205.719560, 504, 0, 504
10967: 2081.299395, 497125.077632, 506, 0, 506
10413: 2094.675738, 498503.771499, 511, 0, 511
10868: 1971.070185, 498186.946760, 477, 0, 477
11241: 2075.917274, 496583.428746, 493, 0, 493
10971: 2092.162494, 499615.176392, 509, 0, 509
10925: 2083.267474, 499864.142021, 511, 0, 511
10757: 1985.263289, 500896.708105, 486, 0, 486
10522: 1930.538739, 501912.355622, 468, 0, 468
11174: 1910.159298, 499483.761396, 470, 0, 470
11332: 2070.780449, 497711.274504, 505, 0, 505
11079: 2095.224597, 500809.428582, 514, 0, 514
11386: 1959.961896, 497876.506032, 475, 0, 475
10865: 1991.927493, 503094.585772, 496, 0, 496
10745: 2112.060629, 503402.699726, 523, 0, 523
11381: 1961.038190, 498596.118065, 475, 0, 475
10418: 2118.642124, 504055.949395, 513, 0, 513
11096: 1987.382886, 502932.814675, 485, 0, 485
11278: 1978.050259, 501259.786434, 489, 0, 489
10924: 1997.284824, 504590.528812, 494, 0, 494
10968: 2120.139083, 506074.638645, 510, 0, 510
10422: 2132.083862, 507146.326650, 515, 0, 515
10668: 1950.228025, 507378.576629, 472, 0, 472
10543: 2017.057923, 507879.951164, 492, 0, 492
10694: 1952.442348, 507920.434748, 474, 0, 474
10905: 2008.068226, 507056.163573, 493, 0, 493
11366: 1925.358195, 502827.990718, 473, 0, 473
10489: 2125.367987, 508215.196677, 507, 0, 507
10399: 2136.994439, 508250.562421, 528, 0, 528
10877: 1949.355042, 507976.017945, 481, 0, 481
11384: 1989.777312, 505187.397691, 497, 0, 497
11229: 2127.242096, 508272.252386, 511, 0, 511
10557: 2030.233624, 510986.146062, 495, 0, 495
11236: 2128.482873, 508623.090254, 517, 0, 517
10702: 1967.521205, 511292.323408, 477, 0, 477
10400: 2150.639055, 511301.735633, 529, 0, 529
11220: 2121.415939, 508926.213542, 514, 0, 514
11156: 2134.501548, 510059.703714, 516, 0, 516
10793: 2137.051933, 511576.053082, 515, 0, 515
10845: 2038.978677, 513664.064246, 490, 0, 490
11032: 2031.177047, 512711.750675, 502, 0, 502
11309: 2137.287484, 510474.505460, 520, 0, 520
11232: 2145.643748, 512353.827688, 519, 0, 519
10849: 2048.627742, 515842.764210, 503, 0, 503
10577: 2054.981200, 516629.231691, 502, 0, 502
11178: 1971.319868, 513378.661302, 477, 0, 477
10857: 2053.307017, 516953.669865, 502, 0, 502
10824: 2171.796467, 517164.075695, 524, 0, 524
11007: 1985.775982, 516357.019851, 482, 0, 482
11274: 2037.325062, 514573.193927, 494, 0, 494
11042: 2050.416427, 516971.242127, 503, 0, 503
11087: 2050.188227, 517010.198072, 494, 0, 494
11082: 2050.844024, 517125.592521, 507, 0, 507
10454: 2173.693281, 518924.783896, 530, 0, 530
10929: 2165.690585, 517910.135968, 524, 0, 524
11283: 2043.402726, 515967.620857, 499, 0, 499
11076: 2171.969386, 517948.709279, 520, 0, 520
11327: 2160.923881, 515745.779391, 533, 0, 533
11040: 2058.698107, 518751.433768, 492, 0, 492
10456: 2179.966127, 520238.229533, 531, 0, 531
10637: 2188.430428, 520386.201186, 533, 0, 533
11044: 2060.862974, 519241.674845, 505, 0, 505
10979: 2186.757854, 520827.921045, 530, 0, 530
11375: 2042.143945, 516755.366611, 498, 0, 498
11345: 2162.292586, 517956.567236, 519, 0, 519
10688: 2018.077893, 522686.663806, 496, 0, 496
10391: 2195.989184, 522688.734496, 534, 0, 534
10705: 2022.172343, 523611.625860, 494, 0, 494
11364: 1998.093532, 518756.042511, 491, 0, 491
11176: 2007.912284, 521595.848396, 488, 0, 488
10815: 2192.488155, 523483.792053, 528, 0, 528
10544: 2091.747625, 524345.562957, 518, 0, 518
10835: 2203.589722, 524040.092977, 541, 0, 541
10542: 2093.701278, 524759.966786, 519, 0, 519
11312: 2187.775500, 521395.564801, 529, 0, 529
11361: 2007.134044, 520698.949360, 480, 0, 480
10774: 2030.587259, 525935.887622, 495, 0, 495
10770: 2036.320971, 527129.612864, 495, 0, 495
10946: 2210.413467, 527433.864200, 534, 0, 534
11089: 2097.523549, 527115.021322, 507, 0, 507
10411: 2231.174655, 528740.346249, 542, 0, 542
10615: 2228.913093, 528950.764957, 542, 0, 542
11071: 2217.282341, 527585.307392, 538, 0, 538
11235: 2213.854272, 526673.741751, 537, 0, 537
10900: 2042.998940, 528358.825978, 494, 0, 494
10685: 2048.231823, 529365.207837, 499, 0, 499
11167: 2033.584060, 527288.805220, 492, 0, 492
11055: 2211.934711, 528078.034460, 539, 0, 539
11380: 2079.725602, 524441.905040, 503, 0, 503
10595: 2118.552015, 530289.977497, 533, 0, 533
11264: 2097.330602, 527118.455815, 504, 0, 504
11003: 2043.791493, 529287.578929, 502, 0, 502
10584: 2122.287364, 531018.407342, 528, 0, 528
10932: 2222.718589, 529957.389664, 537, 0, 537
10914: 2114.801008, 530266.204981, 520, 0, 520
11023: 2114.731633, 530612.555145, 503, 0, 503
10711: 2062.394325, 532433.990475, 500, 0, 500
11204: 2046.995063, 530174.710152, 494, 0, 494
10439: 2238.313503, 532580.845866, 537, 0, 537
10904: 2057.079007, 531912.679793, 507, 0, 507
10829: 2247.864255, 533300.492302, 552, 0, 552
10737: 2253.548937, 534070.146746, 546, 0, 546
11363: 2047.270099, 529048.044556, 491, 0, 491
10966: 2246.247543, 533213.079105, 535, 0, 535
10458: 2247.238031, 534399.367156, 546, 0, 546
10608: 2141.877924, 535146.405790, 525, 0, 525
10438: 2253.053946, 535637.790909, 540, 0, 540
11172: 2063.189836, 533587.458292, 498, 0, 498
10507: 2256.441300, 535968.012007, 554, 0, 554
10785: 2076.678074, 535849.483628, 505, 0, 505
11149: 2252.867135, 535123.069737, 553, 0, 553
10678: 2084.438728, 537076.971945, 513, 0, 513
11269: 2128.926700, 533702.903226, 517, 0, 517
10991: 2078.963709, 536741.023340, 510, 0, 510
10453: 2266.017880, 538278.844231, 551, 0, 551
10926: 2260.618450, 537792.125247, 548, 0, 548
10575: 2161.844509, 538923.625435, 528, 0, 528
11183: 2077.517733, 536584.836061, 509, 0, 509
10624: 2283.642415, 540079.829058, 562, 0, 562
11061: 2268.231436, 539649.983346, 559, 0, 559
10592: 2173.346364, 541375.440972, 540, 0, 540
10992: 2095.070328, 540053.422590, 515, 0, 515
11197: 2090.939054, 539234.845805, 515, 0, 515
10758: 2174.976332, 541740.717137, 530, 0, 530
10632: 2292.304220, 541843.248584, 554, 0, 554
11298: 2090.038494, 537810.367841, 512, 0, 512
10864: 2172.355585, 541648.592201, 525, 0, 525
11219: 2271.998807, 540556.718723, 547, 0, 547
10951: 2281.994481, 542106.919372, 566, 0, 566
10895: 2107.499912, 542450.193817, 514, 0, 514
10631: 2305.168666, 544406.246839, 559, 0, 559
10764: 2190.744801, 544920.669966, 533, 0, 533
10547: 2194.078131, 545236.234574, 543, 0, 543
11043: 2181.202698, 543861.827687, 530, 0, 530
11058: 2296.543200, 545313.771738, 557, 0, 557
10866: 2196.983583, 546507.052315, 534, 0, 534
11128: 2296.698021, 545651.561419, 550, 0, 550
11135: 2306.091573, 545669.960333, 556, 0, 556
10739: 2319.210116, 547154.372547, 559, 0, 559
11081: 2191.454702, 545895.602998, 535, 0, 535
10947: 2303.369177, 546348.877212, 554, 0, 554
10550: 2205.801148, 547495.961923, 540, 0, 540
11257: 2181.731133, 544043.855190, 534, 0, 534
11291: 2113.351168, 543689.467669, 523, 0, 523
10871: 2203.879372, 547871.812145, 542, 0, 542
10828: 2327.004907, 549009.928911, 565, 0, 565
10945: 2315.421877, 548713.505820, 563, 0, 563
10579: 2217.366212, 549839.752170, 526, 0, 526
10534: 2152.474160, 550239.172603, 538, 0, 538
10889: 2140.995872, 549277.761783, 524, 0, 524
11122: 2311.794848, 548545.245382, 558, 0, 558
10392: 2348.312059, 550976.340275, 580, 0, 580
10848: 2220.097544, 550752.555083, 544, 0, 544
10834: 2336.850951, 550928.112376, 561, 0, 561
10940: 2326.616158, 550914.095353, 570, 0, 570
10989: 2146.652768, 550601.798935, 525, 0, 525
10858: 2224.937472, 551771.946341, 543, 0, 543
10630: 2343.751161, 551944.061581, 570, 0, 570
10736: 2349.238414, 552994.815348, 582, 0, 582
10818: 2345.971311, 552679.092280, 564, 0, 564
10440: 2348.403949, 554579.493335, 568, 0, 568
10540: 2245.989910, 554925.089570, 555, 0, 555
11186: 2155.806232, 552543.121533, 536, 0, 536
11049: 2233.269435, 553729.499718, 547, 0, 547
10646: 2173.841318, 555333.306596, 529, 0, 529
11118: 2340.734355, 553844.072020, 575, 0, 575
11015: 2163.863016, 554027.965614, 529, 0, 529
10467: 2353.644872, 555561.097442, 585, 0, 585
11199: 2160.680341, 553505.500151, 524, 0, 524
10863: 2247.688818, 555972.738628, 547, 0, 547
10936: 2350.881837, 555574.421840, 575, 0, 575
10909: 2247.487686, 556070.331450, 550, 0, 550
10554: 2258.284141, 557307.629501, 554, 0, 554
11339: 2338.147560, 553449.835282, 573, 0, 573
10920: 2249.436751, 556407.835927, 549, 0, 549
10763: 2260.071513, 557895.460562, 556, 0, 556
10445: 2368.316903, 558350.891855, 576, 0, 576
11371: 2226.022106, 553132.764244, 542, 0, 542
11028: 2253.936748, 557437.986106, 550, 0, 550
10564: 2269.663198, 559415.972231, 547, 0, 547
10769: 2194.612946, 559694.128759, 537, 0, 537
11134: 2377.092327, 558983.458725, 576, 0, 576
11356: 2354.595145, 556592.735763, 564, 0, 564
11056: 2371.520681, 559659.323277, 576, 0, 576
10734: 2393.102639, 561215.291597, 581, 0, 581
11016: 2197.580222, 560582.956064, 540, 0, 540
10954: 2381.650223, 561295.192583, 570, 0, 570
10424: 2403.061015, 562485.048031, 592, 0, 592
10602: 2290.481699, 563290.363050, 563, 0, 563
11075: 2393.778034, 562132.692475, 573, 0, 573
10513: 2395.995773, 563200.976862, 577, 0, 577
10873: 2289.045297, 563406.680463, 571, 0, 571
10451: 2400.912814, 564366.319908, 592, 0, 592
10853: 2293.592855, 564062.737632, 562, 0, 562
10587: 2300.284206, 564901.404602, 570, 0, 570
10939: 2397.931626, 564267.638402, 574, 0, 574
11272: 2279.790795, 561992.494683, 544, 0, 544
10952: 2399.170146, 564514.223709, 581, 0, 581
10830: 2415.503819, 565733.631667, 585, 0, 585
10563: 2310.624782, 566583.262233, 563, 0, 563
10720: 2424.993333, 567087.990598, 595, 0, 595
10941: 2228.882818, 566560.342493, 550, 0, 550
11070: 2414.134055, 565900.202434, 593, 0, 593
11224: 2401.962904, 565295.082467, 587, 0, 587
11324: 2404.232224, 563846.817917, 588, 0, 588
10883: 2229.543730, 566705.067913, 544, 0, 544
10641: 2247.547669, 569703.860094, 551, 0, 551
10831: 2434.410107, 569198.689419, 600, 0, 600
10485: 2431.393943, 569743.029961, 590, 0, 590
11146: 2426.945712, 568481.203182, 593, 0, 593
10648: 2253.726117, 570862.253011, 542, 0, 542
10800: 2432.152637, 570398.378753, 585, 0, 585
10398: 2450.342065, 571134.713621, 605, 0, 605
11231: 2424.107084, 567713.074683, 587, 0, 587
10703: 2257.824712, 571660.233916, 550, 0, 550
11210: 2431.124346, 570477.971154, 588, 0, 588
11131: 2436.071917, 571604.949826, 577, 0, 577
10497: 2464.232583, 573170.397919, 603, 0, 603
11289: 2245.404543, 569550.498749, 551, 0, 551
11263: 2332.637564, 570522.907027, 563, 0, 563
11293: 2260.366279, 569849.180686, 558, 0, 558
10980: 2457.275800, 573450.976718, 597, 0, 597
10986: 2458.200570, 573662.254661, 590, 0, 590
10878: 2268.288075, 573942.994183, 554, 0, 554
10518: 2462.789512, 575146.279048, 600, 0, 600
10580: 2361.775307, 575366.083900, 590, 0, 590
11250: 2338.810049, 571960.316467, 571, 0, 571
10549: 2365.022895, 575745.567729, 577, 0, 577
11105: 2451.705037, 574201.821656, 596, 0, 596
10527: 2296.455623, 577788.106541, 558, 0, 558
10899: 2286.113998, 577436.831477, 572, 0, 572
11027: 2369.957164, 577318.686259, 588, 0, 588
10930: 2475.709088, 578010.328843, 603, 0, 603
10972: 2484.924043, 578199.544773, 605, 0, 605
10676: 2300.755048, 579682.729837, 557, 0, 557
10756: 2388.475828, 579836.062036, 576, 0, 576
11247: 2375.999955, 578087.346194, 572, 0, 572
11262: 2376.969453, 578241.967101, 581, 0, 581
10466: 2496.638296, 581243.228982, 603, 0, 603
11215: 2482.795845, 579380.519244, 608, 0, 608
11173: 2293.657356, 578914.121017, 554, 0, 554
10622: 2512.557072, 582496.201171, 619, 0, 619
10561: 2406.308697, 582604.263516, 580, 0, 580
11292: 2311.804952, 578738.410506, 568, 0, 568
11189: 2303.810731, 580792.264860, 562, 0, 562
11168: 2305.456927, 581090.352809, 573, 0, 573
11127: 2496.911245, 582088.652993, 598, 0, 598
11001: 2312.664229, 582277.258798, 569, 0, 569
10403: 2524.013644, 583877.364855, 615, 0, 615
11181: 2308.986327, 581727.535672, 559, 0, 559
11270: 2397.028831, 581543.575816, 578, 0, 578
10809: 2513.648596, 584501.011655, 618, 0, 618
11281: 2402.426743, 582462.313666, 587, 0, 587
10927: 2516.813244, 584989.614147, 611, 0, 611
10421: 2537.039053, 586099.865556, 629, 0, 629
10884: 2330.421480, 585488.843791, 573, 0, 573
10645: 2338.079991, 586449.621381, 571, 0, 571
11255: 2406.612786, 582992.614681, 588, 0, 588
11258: 2412.065513, 583855.635795, 583, 0, 583
11320: 2515.093011, 583038.217424, 614, 0, 614
10469: 2548.546512, 587751.132090, 625, 0, 625
10484: 2536.720781, 587830.408903, 611, 0, 611
10984: 2535.493436, 586837.564901, 626, 0, 626
10700: 2348.142160, 588246.660806, 577, 0, 577
10730: 2548.275887, 588493.570533, 620, 0, 620
10970: 2540.950132, 587696.795087, 614, 0, 614
10844: 2450.004634, 589889.532936, 595, 0, 595
11296: 2367.157203, 587998.788070, 577, 0, 577
11323: 2544.316033, 587861.218254, 619, 0, 619
10410: 2579.607567, 593098.687721, 621, 0, 621
11319: 2552.447229, 588968.779690, 621, 0, 621
10490: 2573.299599, 593977.979338, 635, 0, 635
11145: 2570.457779, 592838.537969, 627, 0, 627
11084: 2467.812366, 592991.073490, 598, 0, 598
11148: 2574.112120, 593410.715193, 633, 0, 633
10893: 2379.909500, 594223.747185, 574, 0, 574
10749: 2485.601945, 595233.628333, 610, 0, 610
11099: 2473.421797, 593937.339526, 604, 0, 604
11388: 2450.108226, 590261.485360, 591, 0, 591
10565: 2491.602838, 596115.323322, 615, 0, 615
10618: 2595.229526, 596141.955704, 629, 0, 629
11266: 2470.875369, 593090.861651, 605, 0, 605
10879: 2388.858786, 595783.280974, 588, 0, 588
10397: 2601.972035, 596632.070058, 636, 0, 636
11368: 2391.817826, 591525.786923, 584, 0, 584
11048: 2483.525244, 595304.369755, 606, 0, 606
11094: 2483.702368, 595454.787943, 610, 0, 610
10659: 2399.691013, 597143.991159, 582, 0, 582
11223: 2575.762780, 594946.247969, 626, 0, 626
10709: 2401.624580, 597673.105686, 587, 0, 587
10525: 2415.267023, 599226.325674, 583, 0, 583
11020: 2400.079730, 597765.048379, 589, 0, 589
11207: 2398.496082, 596507.555466, 580, 0, 580
11073: 2606.553127, 598245.065355, 636, 0, 636
10837: 2617.535411, 599740.752336, 650, 0, 650
11355: 2587.362916, 596609.544387, 636, 0, 636
10731: 2628.512679, 601185.557400, 640, 0, 640
11017: 2414.216910, 600146.925402, 596, 0, 596
10718: 2630.294455, 601451.725600, 643, 0, 643
11200: 2409.957805, 599409.990147, 588, 0, 588
10902: 2419.429111, 601028.072951, 592, 0, 592
11088: 2517.417709, 600401.807538, 616, 0, 616
10538: 2533.541333, 602102.658648, 621, 0, 621
10821: 2632.181540, 601590.938801, 629, 0, 629
10870: 2527.512449, 601761.718021, 612, 0, 612
10551: 2534.649258, 602384.707882, 628, 0, 628
10988: 2634.795449, 602213.866493, 637, 0, 637
10570: 2540.930524, 603357.850716, 619, 0, 619
10881: 2429.999418, 602746.326030, 596, 0, 596
11251: 2523.047179, 600692.857655, 625, 0, 625
10773: 2437.311816, 603898.942078, 594, 0, 594
10832: 2645.061305, 603861.192308, 649, 0, 649
10814: 2633.265245, 604257.558251, 644, 0, 644
10872: 2546.064297, 604418.784333, 622, 0, 622
11382: 2515.285344, 599792.435455, 619, 0, 619
10603: 2556.596456, 605741.803448, 630, 0, 630
11117: 2631.484737, 604290.708169, 644, 0, 644
10812: 2642.680928, 605760.729111, 647, 0, 647
11196: 2442.303346, 604769.521207, 593, 0, 593
10430: 2655.925464, 607589.307959, 643, 0, 643
10994: 2454.704297, 606807.858158, 600, 0, 600
10807: 2654.810835, 607696.577970, 649, 0, 649
10897: 2458.760956, 607468.703057, 596, 0, 596
10855: 2572.994193, 608108.634829, 629, 0, 629
10620: 2678.187543, 608579.817956, 647, 0, 647
10521: 2666.921757, 609087.400651, 651, 0, 651
10983: 2678.406835, 608882.938259, 651, 0, 651
11110: 2657.931582, 608460.744312, 640, 0, 640
11101: 2660.926504, 608849.807716, 654, 0, 654
10805: 2669.801500, 610053.514409, 650, 0, 650
10840: 2687.749848, 610118.444927, 655, 0, 655
11367: 2487.024348, 605741.780412, 596, 0, 596
11316: 2668.580665, 606649.647076, 649, 0, 649
10825: 2690.730921, 610535.921657, 654, 0, 654
10639: 2698.841084, 611610.770828, 654, 0, 654
11123: 2668.140786, 610085.925518, 652, 0, 652
10509: 2685.412280, 611945.345075, 652, 0, 652
10638: 2710.897711, 613302.656034, 666, 0, 666
10465: 2693.044775, 613371.816486, 663, 0, 663
11103: 2685.462437, 612253.669512, 647, 0, 647
11326: 2691.365213, 609570.471724, 656, 0, 656
11358: 2507.276383, 608854.147376, 615, 0, 615
11000: 2498.267290, 613856.029203, 607, 0, 607
11243: 2707.581679, 612937.403031, 662, 0, 662
10431: 2708.024076, 615625.975363, 646, 0, 646
11019: 2502.872834, 614599.280364, 615, 0, 615
10861: 2628.717654, 615812.858079, 642, 0, 642
10960: 2726.337212, 615476.093858, 664, 0, 664
11137: 2723.042126, 614994.611458, 661, 0, 661
10788: 2709.501578, 616088.909708, 665, 0, 665
11116: 2704.384899, 615486.650905, 653, 0, 653
10666: 2521.932215, 617374.073571, 618, 0, 618
10726: 2740.958001, 617321.289130, 676, 0, 676
11171: 2507.911958, 615320.976752, 622, 0, 622
10886: 2519.873216, 617285.693665, 615, 0, 615
11045: 2636.555851, 616912.086457, 637, 0, 637
10797: 2722.187518, 617957.511388, 657, 0, 657
10693: 2530.259951, 618553.866394, 612, 0, 612
10559: 2651.005908, 618584.546010, 645, 0, 645
11248: 2628.350492, 615276.023445, 648, 0, 648
10744: 2754.560906, 619207.231265, 673, 0, 673
10396: 2763.471569, 619647.757276, 675, 0, 675
10395: 2767.588259, 620459.001190, 665, 0, 665
10727: 2764.919992, 620483.986654, 670, 0, 670
10573: 2668.015803, 620895.674797, 658, 0, 658
11244: 2646.292498, 617673.888201, 660, 0, 660
10423: 2772.686736, 621081.948536, 677, 0, 677
10719: 2770.579912, 621204.663838, 683, 0, 683
10891: 2540.972464, 620579.324673, 621, 0, 621
10530: 2553.947749, 621744.227618, 624, 0, 624
10969: 2765.085029, 620613.353956, 688, 0, 688
10933: 2744.088842, 621035.457923, 687, 0, 687
10923: 2671.714972, 621563.528251, 649, 0, 649
10742: 2779.390565, 622366.749857, 672, 0, 672
10910: 2673.999317, 621885.570208, 656, 0, 656
10976: 2784.584269, 623073.623091, 685, 0, 685
10406: 2801.110314, 624665.561245, 688, 0, 688
10644: 2573.520299, 625307.589151, 615, 0, 615
11144: 2789.712889, 623788.581518, 675, 0, 675
11158: 2789.558805, 623824.065409, 686, 0, 686
11034: 2691.219709, 624131.691263, 647, 0, 647
11370: 2672.411361, 621104.591181, 644, 0, 644
10653: 2583.270427, 626729.779230, 630, 0, 630
11067: 2772.176895, 625220.428456, 679, 0, 679
11083: 2701.515648, 625486.115365, 653, 0, 653
10706: 2586.372338, 627129.299636, 633, 0, 633
10922: 2708.313481, 626287.348834, 666, 0, 666
11097: 2707.115511, 626242.274484, 653, 0, 653
11321: 2796.982916, 623745.276980, 685, 0, 685
11059: 2783.255738, 626781.301488, 681, 0, 681
10472: 2798.994788, 628733.953992, 685, 0, 685
10625: 2828.885530, 628825.369188, 687, 0, 687
11271: 2707.273258, 625606.433503, 661, 0, 661
10663: 2603.597924, 629364.854790, 640, 0, 640
10496: 2805.735173, 629669.947832, 678, 0, 678
11132: 2822.626315, 628280.652943, 677, 0, 677
10882: 2601.638061, 629123.419197, 630, 0, 630
10619: 2837.186856, 629990.224420, 689, 0, 689
11166: 2593.768428, 627739.648916, 627, 0, 627
11182: 2594.417865, 627819.330612, 634, 0, 634
11256: 2717.300972, 626766.820688, 660, 0, 660
10833: 2834.198132, 629692.725708, 688, 0, 688
11222: 2804.552114, 629639.802388, 680, 0, 680
11254: 2733.793730, 628826.397438, 671, 0, 671
10553: 2759.341353, 632465.274216, 679, 0, 679
10568: 2760.411252, 632665.465447, 678, 0, 678
10555: 2761.128626, 632705.042803, 684, 0, 684
11352: 2800.188433, 628565.395477, 677, 0, 677
10850: 2757.561855, 632429.831096, 677, 0, 677
10766: 2629.851645, 632719.652716, 636, 0, 636
11005: 2622.781008, 631672.007932, 649, 0, 649
10965: 2851.740708, 632150.504176, 694, 0, 694
10502: 2833.478516, 633482.061610, 694, 0, 694
10691: 2637.717622, 633650.087913, 641, 0, 641
10588: 2770.288046, 633877.653466, 682, 0, 682
10670: 2640.594828, 633984.258064, 644, 0, 644
11239: 2847.787852, 631386.894693, 697, 0, 697
11265: 2750.392981, 630560.645784, 670, 0, 670
10725: 2878.144792, 635553.227957, 697, 0, 697
10681: 2656.142353, 635884.000547, 652, 0, 652
10707: 2661.236527, 636478.523839, 649, 0, 649
11349: 2826.464618, 632207.492650, 693, 0, 693
10558: 2794.441932, 636610.182602, 686, 0, 686
10935: 2655.863879, 635811.543469, 645, 0, 645
11357: 2827.777937, 632413.937114, 690, 0, 690
11021: 2653.834554, 635444.256426, 641, 0, 641
11249: 2773.890222, 633558.595956, 677, 0, 677
10735: 2888.856753, 637026.203013, 713, 0, 713
10911: 2790.916381, 636245.290827, 683, 0, 683
10798: 2853.888445, 636703.599244, 693, 0, 693
11018: 2659.382828, 636070.895880, 657, 0, 657
11066: 2850.294276, 636150.200935, 703, 0, 703
10913: 2804.967961, 637811.150621, 680, 0, 680
11246: 2790.320312, 635346.754950, 687, 0, 687
11359: 2695.254296, 633642.778161, 664, 0, 664
10860: 2811.177314, 638575.214482, 688, 0, 688
11068: 2859.951866, 637492.691428, 685, 0, 685
11203: 2658.166764, 636842.682709, 645, 0, 645
10887: 2677.597758, 638340.206521, 652, 0, 652
11162: 2890.761133, 637622.938185, 709, 0, 709
10444: 2874.279674, 639275.624326, 700, 0, 700
11318: 2880.545643, 635055.040524, 704, 0, 704
10716: 2687.053424, 639500.192817, 662, 0, 662
11124: 2863.823056, 638127.300952, 706, 0, 706
11221: 2860.141960, 637243.173694, 703, 0, 703
10590: 2822.947565, 639925.617042, 694, 0, 694
10781: 2690.247252, 639914.534373, 650, 0, 650
11038: 2816.268864, 639033.758156, 682, 0, 682
11069: 2871.744219, 639037.338125, 700, 0, 700
10656: 2697.892087, 640764.132885, 666, 0, 666
11185: 2673.384141, 638648.311688, 643, 0, 643
10388: 2705.301423, 641362.451995, 667, 0, 667
11195: 2675.492245, 639073.668304, 650, 0, 650
10655: 2705.054472, 641528.591811, 663, 0, 663
11335: 2865.273166, 637297.263975, 692, 0, 692
11267: 2817.457210, 638354.317812, 687, 0, 687
11035: 2830.788524, 640583.379563, 695, 0, 695
11169: 2697.631998, 640100.399575, 658, 0, 658
10414: 2934.431355, 642528.268518, 698, 0, 698
10784: 2843.383968, 642133.749008, 691, 0, 691
10677: 2717.459871, 642665.400167, 666, 0, 666
10667: 2715.769119, 642709.289969, 668, 0, 668
11052: 2836.001499, 641121.956935, 698, 0, 698
11164: 2699.275886, 640618.451828, 653, 0, 653
10499: 2908.166119, 643452.528992, 711, 0, 711
10822: 2934.788791, 643037.080661, 713, 0, 713
10443: 2913.651538, 644336.583670, 709, 0, 709
10768: 2728.890379, 644084.578908, 681, 0, 681
10765: 2728.562163, 644153.616748, 673, 0, 673
10880: 2729.222882, 643996.564341, 664, 0, 664
10961: 2941.486194, 643833.180035, 714, 0, 714
10908: 2862.997417, 644017.289607, 697, 0, 697
10826: 2951.229085, 645084.647119, 717, 0, 717
11276: 2855.533896, 642406.619134, 695, 0, 695
10533: 2752.047871, 646162.576397, 673, 0, 673
11372: 2845.579517, 640935.935659, 694, 0, 694
10486: 2930.460863, 646372.522175, 705, 0, 705
11037: 2873.336753, 644992.425560, 709, 0, 709
10901: 2751.920636, 646316.791980, 680, 0, 680
10517: 2937.982583, 647205.260350, 712, 0, 712
11340: 2910.554513, 643039.732391, 706, 0, 706
11227: 2953.613810, 644974.096333, 721, 0, 721
10420: 2975.204076, 647559.542912, 739, 0, 739
10460: 2940.415426, 647705.119790, 715, 0, 715
11180: 2753.229427, 645836.161650, 668, 0, 668
11085: 2890.815229, 646765.523069, 699, 0, 699
11362: 2771.467464, 643226.589389, 678, 0, 678
10915: 2897.873672, 647538.554636, 710, 0, 710
10599: 2906.788940, 648640.991921, 726, 0, 726
10501: 2949.744949, 648627.309394, 713, 0, 713
10665: 2775.491481, 648862.013805, 683, 0, 683
11346: 2925.308342, 644785.523860, 707, 0, 707
11252: 2891.677807, 646002.020571, 706, 0, 706
10504: 2959.874837, 649732.351407, 722, 0, 722
11279: 2900.210154, 647042.307265, 710, 0, 710
10464: 2965.747817, 650552.508412, 719, 0, 719
10791: 2960.808934, 650052.430540, 725, 0, 725
10449: 2966.874899, 650659.000914, 722, 0, 722
11120: 2956.642178, 649423.115904, 719, 0, 719
10529: 2803.586916, 651275.600732, 694, 0, 694
10917: 2922.552105, 650234.156299, 708, 0, 708
10839: 3000.028647, 651007.231154, 736, 0, 736
10717: 3004.755005, 651495.302874, 723, 0, 723
10998: 2793.611715, 650269.830258, 678, 0, 678
10956: 2971.412434, 650927.575907, 719, 0, 719
10537: 2814.805321, 652362.938793, 687, 0, 687
10664: 2809.867413, 652275.289295, 684, 0, 684
10394: 3013.660490, 652206.364510, 722, 0, 722
10633: 3013.892000, 652364.541293, 731, 0, 731
10583: 2943.175165, 652545.233558, 727, 0, 727
11092: 2930.757816, 651101.450449, 711, 0, 711
11138: 3002.027250, 651246.061011, 732, 0, 732
10683: 2817.964025, 653026.707965, 675, 0, 675
10993: 2807.395455, 651588.088573, 692, 0, 692
10817: 2815.108442, 652713.256945, 673, 0, 673
10804: 2985.724460, 652559.325141, 714, 0, 714
10823: 3014.675357, 652713.800660, 733, 0, 733
10647: 2821.115201, 653341.174937, 694, 0, 694
11012: 2810.877759, 651937.126703, 688, 0, 688
11290: 2766.498605, 649251.925304, 658, 0, 658
11202: 2775.820623, 651133.111841, 675, 0, 675
10442: 2995.038435, 653515.568380, 735, 0, 735
10516: 3000.825418, 653926.948671, 728, 0, 728
11374: 2924.476272, 649200.909166, 725, 0, 725
10562: 2967.769592, 655056.794552, 730, 0, 730
10803: 3006.633852, 654622.258639, 729, 0, 729
10747: 2971.597492, 655499.280659, 726, 0, 726
10743: 3042.227082, 655517.338820, 741, 0, 741
10531: 2850.229796, 655932.461527, 702, 0, 702
10541: 2976.048133, 655823.319880, 739, 0, 739
11218: 3001.121772, 653330.698356, 732, 0, 732
10473: 3021.197890, 655992.613225, 733, 0, 733
10978: 3046.445677, 655792.527872, 743, 0, 743
10733: 3056.940328, 656934.779004, 743, 0, 743
10827: 3061.750614, 657386.060463, 747, 0, 747
10452: 3044.507171, 658278.896359, 738, 0, 738
10999: 2863.847056, 657299.897798, 701, 0, 701
11360: 2867.712884, 653555.743769, 699, 0, 699
10675: 2880.555783, 659332.802436, 707, 0, 707
11006: 2870.170974, 657921.053746, 701, 0, 701
11213: 3038.060447, 656838.870275, 737, 0, 737
10862: 3005.029065, 658925.848993, 730, 0, 730
10477: 3058.489347, 659511.189530, 744, 0, 744
11157: 3069.724486, 658001.904052, 754, 0, 754
10937: 3054.048523, 658905.971631, 737, 0, 737
11240: 3069.101307, 657382.986060, 752, 0, 752
11330: 3064.897954, 655958.063490, 746, 0, 746
11303: 2889.515464, 656274.176379, 703, 0, 703
10654: 2896.058359, 660914.040231, 701, 0, 701
11329: 3073.284537, 656737.582838, 745, 0, 745
11328: 3077.838419, 657145.634837, 750, 0, 750
10598: 3031.123517, 661573.520544, 738, 0, 738
10426: 2914.013783, 662220.982376, 722, 0, 722
11187: 2868.590812, 659973.289888, 698, 0, 698
10682: 2912.203714, 662453.155676, 705, 0, 705
10712: 2912.273765, 662459.733995, 720, 0, 720
10404: 3119.240119, 662484.441221, 757, 0, 757
10753: 3041.110162, 662497.731205, 749, 0, 749
11104: 3077.857033, 660994.716966, 754, 0, 754
11314: 3090.745075, 658244.561029, 755, 0, 755
11286: 2892.699470, 658641.885008, 712, 0, 712
11046: 3032.784278, 661393.142404, 747, 0, 747
11354: 3060.296534, 658738.341695, 754, 0, 754
10981: 3114.762104, 662112.122856, 764, 0, 764
10585: 3050.407173, 663414.471472, 753, 0, 753
11039: 3039.200498, 662023.618567, 741, 0, 741
11317: 3102.105857, 659233.963649, 760, 0, 760
10556: 3053.762779, 663664.643416, 745, 0, 745
11322: 3104.788191, 659474.380341, 757, 0, 757
11373: 3017.803762, 658556.190433, 732, 0, 732
10710: 2928.966502, 664015.866756, 717, 0, 717
10846: 3052.197548, 663523.517324, 748, 0, 748
11093: 3044.053242, 662524.430255, 748, 0, 748
11234: 3116.297892, 661511.577657, 762, 0, 762
10635: 3134.131808, 664048.968319, 768, 0, 768
10778: 2931.254589, 664190.840084, 716, 0, 716
11273: 3039.009056, 661092.328990, 732, 0, 732
11086: 3052.779910, 663280.263466, 742, 0, 742
11170: 2924.644119, 662718.010371, 709, 0, 709
11228: 3129.988903, 662614.320083, 755, 0, 755
10578: 3075.827114, 665704.753634, 750, 0, 750
11304: 2955.228986, 661864.959701, 721, 0, 721
10811: 3124.954840, 665543.852722, 761, 0, 761
11054: 3117.837454, 664506.057916, 764, 0, 764
10888: 2941.825004, 664959.970471, 721, 0, 721
10434: 3134.814130, 666484.632075, 763, 0, 763
11315: 3142.342614, 662445.242841, 770, 0, 770
10487: 3140.460158, 666896.650754, 768, 0, 768
10692: 2961.918659, 666986.771086, 722, 0, 722
10847: 3088.208943, 666703.813647, 759, 0, 759
10611: 3173.378930, 667162.106196, 768, 0, 768
10944: 3135.497515, 666225.786404, 759, 0, 759
11155: 3161.226701, 665745.877227, 767, 0, 767
11108: 3132.023166, 665812.097647, 763, 0, 763
10854: 3094.318257, 667217.223890, 750, 0, 750
10896: 2965.876613, 667071.867513, 728, 0, 728
10591: 3102.917832, 668081.432982, 752, 0, 752
10852: 3098.273299, 667574.035865, 746, 0, 746
10526: 2980.639395, 668314.662575, 739, 0, 739
11141: 3173.212814, 666624.574873, 769, 0, 769
11109: 3143.790100, 666825.017820, 765, 0, 765
10643: 2978.835993, 668487.407341, 730, 0, 730
11026: 3102.663178, 667540.554610, 761, 0, 761
11098: 3103.826775, 667685.706508, 763, 0, 763
11334: 3133.568851, 665090.151760, 763, 0, 763
11212: 3152.168145, 666932.925054, 764, 0, 764
11305: 3000.075548, 665296.136819, 729, 0, 729
10885: 2986.358786, 668819.660437, 741, 0, 741
10820: 3214.468150, 670058.109329, 789, 0, 789
10528: 3019.457871, 671600.712029, 750, 0, 750
11161: 3216.249313, 669854.969764, 785, 0, 785
10651: 3018.238410, 671779.883452, 739, 0, 739
10560: 3150.022319, 671807.037005, 770, 0, 770
11113: 3186.985994, 670382.228469, 770, 0, 770
11143: 3223.554986, 670356.041620, 786, 0, 786
11365: 3031.180043, 666827.184411, 737, 0, 737
10801: 3197.542343, 671607.929284, 787, 0, 787
11179: 3008.992342, 669965.248634, 741, 0, 741
10841: 3239.158729, 671853.328228, 788, 0, 788
11307: 3219.847949, 668188.800539, 792, 0, 792
11226: 3228.517242, 670012.558995, 795, 0, 795
11111: 3195.457556, 671040.747618, 775, 0, 775
11151: 3233.826227, 671065.597364, 791, 0, 791
10536: 3034.933194, 672948.187171, 742, 0, 742
11350: 3177.025135, 668585.965203, 771, 0, 771
11308: 3226.402800, 668622.789859, 787, 0, 787
11353: 3178.112999, 668700.895557, 767, 0, 767
10890: 3031.770633, 672554.338226, 745, 1, 744
10695: 3049.638478, 674195.280158, 746, 0, 746
11047: 3169.355120, 672804.969006, 776, 0, 776
11192: 3004.461426, 672161.917913, 741, 0, 741
10402: 3279.175055, 674466.501263, 801, 0, 801
11188: 3029.789906, 672200.355061, 741, 0, 741
11311: 3252.607824, 670319.665474, 781, 0, 781
10962: 3270.591169, 673620.959035, 801, 0, 801
10623: 3278.980093, 674644.549409, 794, 0, 794
10746: 3279.218003, 674628.747410, 797, 0, 797
10491: 3237.228248, 674796.098682, 787, 0, 787
10488: 3241.009201, 675064.294406, 781, 0, 781
10482: 3242.875421, 675202.879593, 794, 0, 794
10957: 3279.920229, 674243.825105, 797, 0, 797
10836: 3290.650280, 675206.038340, 815, 0, 815
10921: 3194.489638, 674938.607191, 782, 0, 782
10514: 3255.701792, 676016.944410, 795, 0, 795
11211: 3241.304130, 673756.755658, 783, 0, 783
10407: 3308.614818, 676371.760541, 796, 0, 796
10609: 3307.343474, 676500.709851, 808, 0, 808
10799: 3260.733139, 676305.168419, 778, 0, 778
11343: 3230.348152, 672629.636361, 770, 0, 770
10810: 3262.439430, 676440.752684, 796, 0, 796
10997: 3075.988147, 675695.905183, 739, 0, 739
11031: 3076.656576, 675722.655666, 759, 0, 759
10751: 3218.605396, 677073.210706, 796, 0, 796
10808: 3268.211246, 676781.125620, 799, 0, 799
10617: 3319.473445, 677280.095281, 817, 0, 817
11051: 3210.573393, 675916.762723, 784, 0, 784
10621: 3320.800555, 677386.737622, 816, 0, 816
11209: 3045.674976, 675267.703322, 744, 0, 744
11198: 3048.584242, 675489.685771, 742, 0, 742
10447: 3282.714110, 677915.987102, 786, 0, 786
10928: 3275.928535, 676992.666850, 809, 0, 809
10480: 3288.934035, 678273.506714, 801, 0, 801
10995: 3094.352699, 676898.166110, 756, 0, 756
10813: 3286.312868, 677971.059011, 802, 0, 802
10532: 3113.511080, 678705.778991, 743, 0, 743
10698: 3113.035517, 678875.960654, 757, 0, 757
10471: 3301.552760, 679044.856623, 806, 0, 806
10401: 3354.591397, 679389.662898, 825, 0, 825
11216: 3289.969736, 676947.607503, 799, 0, 799
10906: 3246.169516, 678583.130540, 794, 0, 794
11091: 3239.848827, 678069.184418, 792, 0, 792
11030: 3244.326283, 678338.714599, 795, 0, 795
10732: 3358.763836, 679833.683996, 821, 0, 821
11112: 3313.004820, 679007.380396, 798, 0, 798
10949: 3318.413952, 679566.143652, 800, 0, 800
10416: 3376.968755, 680819.177453, 824, 0, 824
10759: 3270.986744, 680816.226409, 805, 0, 805
10953: 3327.283679, 680093.124487, 810, 0, 810
10390: 3286.579303, 681239.791920, 806, 0, 806
10955: 3331.914154, 680352.453196, 804, 0, 804
10419: 3389.198437, 681570.495935, 829, 0, 829
11259: 3264.698889, 678521.048008, 801, 0, 801
10642: 3164.504080, 682110.077303, 773, 0, 773
10990: 3154.111050, 680655.036169, 772, 0, 772
11150: 3378.716366, 680444.615146, 826, 0, 826
10520: 3355.163913, 682117.047463, 809, 0, 809
11095: 3276.839945, 680632.257454, 813, 0, 813
11302: 3193.346918, 678103.447104, 782, 0, 782
10672: 3170.702100, 682515.057349, 771, 0, 771
10794: 3357.050735, 682107.776555, 809, 0, 809
10495: 3368.892824, 682920.701798, 820, 0, 820
10649: 3180.998048, 683121.914113, 786, 0, 786
10432: 3370.689745, 683073.475242, 827, 0, 827
11024: 3297.200402, 681886.717147, 803, 0, 803
10796: 3368.660268, 682599.827374, 831, 1, 830
11078: 3402.932832, 681703.612206, 830, 1, 829
11280: 3286.405224, 679972.635495, 802, 0, 802
10714: 3190.080712, 683622.725564, 767, 1, 766
10574: 3314.591034, 683658.874103, 804, 0, 804
10916: 3305.822858, 682651.441721, 816, 0, 816
11160: 3407.732538, 682159.312676, 833, 0, 833
11225: 3360.335820, 681268.592004, 814, 0, 814
11191: 3141.832429, 681284.878082, 774, 0, 774
10779: 3191.371224, 683546.839724, 792, 0, 792
10604: 3320.973706, 684043.314818, 806, 0, 806
11014: 3187.947729, 682679.734775, 781, 0, 781
11297: 3227.720405, 680077.015600, 794, 0, 794
10457: 3391.997674, 684274.786543, 820, 0, 820
11114: 3379.239887, 682733.269771, 818, 0, 818
10771: 3199.856904, 684006.822757, 776, 0, 776
10819: 3200.315033, 684021.064169, 786, 0, 786
10740: 3432.526654, 684243.943143, 846, 0, 846
10593: 3329.379825, 684495.452589, 824, 0, 824
10697: 3206.600315, 684586.559362, 776, 0, 776
10610: 3436.403823, 684516.003445, 834, 0, 834
10581: 3333.727552, 684695.580694, 822, 0, 822
10601: 3333.345791, 684699.486342, 827, 0, 827
10606: 3333.989409, 684731.060111, 820, 0, 820
10673: 3214.429615, 684979.580631, 790, 0, 790
10974: 3436.809020, 683983.345036, 840, 0, 840
10842: 3441.710944, 684534.535644, 830, 0, 830
11230: 3435.636639, 682897.220049, 839, 0, 839
11010: 3215.362526, 684124.356295, 785, 0, 785
11294: 3254.613317, 681478.050529, 791, 0, 791
11011: 3219.326059, 684304.436333, 789, 0, 789
11063: 3402.205531, 684127.794031, 825, 0, 825
10713: 3231.407616, 685833.485513, 799, 0, 799
10498: 3237.420332, 686000.272924, 804, 0, 804
10790: 3415.590652, 685354.331871, 831, 0, 831
10508: 3423.829018, 685961.862383, 826, 0, 826
10856: 3358.952523, 685681.380866, 809, 0, 809
10704: 3241.692883, 686331.712878, 792, 0, 792
10783: 3241.904467, 686105.162048, 802, 0, 802
11331: 3452.400900, 682331.603836, 844, 0, 844
11261: 3353.698419, 683325.045461, 828, 0, 828
10523: 3487.708275, 686732.655912, 858, 0, 858
11306: 3279.007839, 682665.340050, 810, 0, 810
10389: 3444.084773, 686885.292965, 834, 0, 834
10789: 3430.811817, 686175.738710, 835, 0, 835
10943: 3433.213045, 685959.609411, 836, 0, 836
11217: 3425.907805, 684546.902803, 841, 0, 841
11004: 3250.585069, 685761.433061, 782, 0, 782
11175: 3247.894732, 684943.336236, 800, 0, 800
11126: 3433.077933, 685723.840789, 837, 0, 837
10640: 3493.902789, 687325.326606, 849, 0, 849
11193: 3219.375235, 685110.998353, 791, 0, 791
11154: 3481.023021, 685810.759249, 838, 0, 838
11190: 3250.439910, 685143.777803, 800, 0, 800
10441: 3451.178275, 687484.061549, 838, 0, 838
10657: 3270.677391, 687619.838495, 797, 0, 797
10612: 3502.011802, 687654.155079, 863, 0, 863
10724: 3503.245027, 687609.626470, 857, 0, 857
10494: 3459.439341, 687846.315438, 840, 0, 840
10843: 3502.493998, 687338.178754, 855, 0, 855
11107: 3446.776922, 686342.466281, 839, 0, 839
10548: 3406.106306, 688127.883636, 830, 0, 830
11102: 3450.473051, 686510.870784, 831, 0, 831
10589: 3407.463227, 688249.316309, 838, 0, 838
10722: 3514.556231, 688042.018409, 868, 0, 868
10552: 3410.729124, 688343.537282, 831, 0, 831
11074: 3507.810686, 686790.280260, 846, 0, 846
10680: 3293.035976, 688528.620622, 819, 0, 819
10701: 3296.866126, 688688.265399, 802, 0, 802
10950: 3468.025125, 687644.805802, 847, 0, 847
10652: 3298.967375, 688770.263559, 804, 0, 804
10483: 3481.661748, 688860.540751, 853, 0, 853
10775: 3299.844869, 688538.685037, 810, 0, 810
10738: 3533.062020, 688723.870319, 863, 0, 863
11050: 3411.083951, 687387.340102, 837, 0, 837
10658: 3311.721563, 689242.999197, 821, 0, 821
10792: 3484.983449, 688697.411071, 848, 0, 848
11002: 3302.907965, 687861.529197, 813, 0, 813
10662: 3315.093683, 689363.808562, 808, 0, 808
10505: 3497.293686, 689448.255642, 845, 0, 845
11344: 3447.996414, 685395.710208, 850, 0, 850
10572: 3442.801562, 689762.719980, 843, 0, 843
11194: 3276.809140, 687401.443275, 799, 0, 799
11201: 3277.417566, 687417.154579, 799, 0, 799
10616: 3556.442749, 689744.005575, 874, 0, 874
10582: 3446.249668, 689922.890841, 844, 0, 844
10478: 3508.513290, 689873.630855, 850, 0, 850
11342: 3455.210791, 685608.385647, 830, 0, 830
10874: 3443.086791, 689444.225067, 848, 0, 848
10838: 3555.962693, 689389.351781, 868, 0, 868
10898: 3329.670039, 689216.153990, 828, 0, 828
11214: 3503.333943, 687570.413995, 855, 0, 855
11369: 3361.292914, 685001.258824, 829, 0, 829
10762: 3456.177675, 690267.684708, 856, 0, 856
10455: 3522.319649, 690397.217484, 852, 0, 852
10795: 3518.136075, 689916.019585, 857, 0, 857
11377: 3427.163663, 685317.540897, 845, 0, 845
10679: 3354.877660, 690691.410987, 827, 0, 827
11237: 3562.998548, 688057.883245, 872, 0, 872
10938: 3524.233972, 689704.746762, 859, 0, 859
10479: 3534.694296, 690771.910725, 857, 0, 857
10405: 3589.960537, 690763.263530, 879, 0, 879
10876: 3357.459072, 690137.564322, 834, 0, 834
10492: 3543.379829, 691050.456204, 859, 0, 859
10503: 3551.331032, 691265.865035, 869, 0, 869
10728: 3601.532262, 691130.851029, 885, 0, 885
11036: 3470.608775, 689797.215527, 843, 0, 843
11080: 3590.903333, 689714.833945, 874, 0, 874
11379: 3449.593495, 686157.069099, 842, 0, 842
11277: 3464.159953, 688019.181766, 858, 0, 858
10626: 3617.710388, 691693.997584, 885, 0, 885
10586: 3498.920196, 691866.004230, 859, 0, 859
11100: 3561.363096, 690452.010053, 863, 0, 863
11153: 3613.679638, 690410.664367, 884, 0, 884
11287: 3344.411376, 687983.325596, 820, 0, 820
10963: 3625.096475, 691119.279665, 894, 0, 894
10566: 3511.745776, 692277.835328, 860, 0, 860
10715: 3408.495505, 692376.544911, 840, 0, 840
11033: 3504.563258, 690890.981861, 854, 0, 854
11077: 3631.045110, 690819.152752, 882, 0, 882
11282: 3495.861544, 689055.841896, 854, 0, 854
11072: 3633.646047, 690872.736247, 890, 0, 890
11029: 3508.408039, 691003.130599, 848, 0, 848
11065: 3590.781598, 690947.793247, 876, 0, 876
10919: 3514.587315, 691626.723288, 860, 0, 860
10690: 3417.303079, 692648.619420, 850, 0, 850
10576: 3525.325706, 692680.141462, 857, 0, 857
11376: 3488.734871, 687374.196124, 844, 0, 844
10894: 3414.715604, 691867.874563, 841, 0, 841
10468: 3597.844272, 692721.967454, 868, 0, 868
10760: 3528.985910, 692686.720317, 864, 0, 864
11184: 3410.622210, 690407.946115, 839, 0, 839
10777: 3424.371673, 692550.604632, 835, 0, 835
11142: 3652.454929, 691355.554689, 885, 0, 885
10425: 3613.389262, 693178.939294, 878, 0, 878
10607: 3551.606450, 693337.219035, 877, 0, 877
10776: 3441.990938, 693028.527446, 844, 0, 844
10689: 3449.421741, 693516.185553, 831, 0, 831
10613: 3689.519192, 693451.322370, 907, 0, 907
10461: 3629.340508, 693529.771975, 878, 0, 878
11008: 3442.069395, 692152.439083, 832, 0, 832
10524: 3458.176005, 693730.191520, 844, 0, 844
10493: 3632.406112, 693581.316563, 880, 0, 880
11106: 3622.194773, 692090.802489, 889, 0, 889
11313: 3675.078489, 689409.201206, 905, 0, 905
10942: 3634.034924, 692807.135498, 878, 0, 878
10481: 3646.364165, 693900.106158, 889, 0, 889
11013: 3462.050829, 692610.872381, 850, 0, 850
10867: 3581.458488, 693630.713979, 869, 0, 869
10474: 3657.949073, 694116.956226, 900, 0, 900
10958: 3715.852635, 693172.442252, 919, 0, 919
10417: 3732.714811, 694295.501333, 924, 0, 924
11348: 3624.495261, 690072.208584, 889, 0, 889
10571: 3600.047677, 694425.914758, 871, 0, 871
10669: 3492.456779, 694473.829786, 861, 0, 861
11260: 3581.356058, 691029.022534, 875, 0, 875
11133: 3721.049973, 692823.597947, 916, 0, 916
11053: 3591.758992, 692959.007743, 881, 0, 881
10959: 3734.373506, 693518.580101, 907, 0, 907
11268: 3589.236903, 691190.828059, 871, 0, 871
11336: 3634.205414, 690345.955704, 890, 0, 890
11275: 3592.302489, 691251.931143, 892, 0, 892
11351: 3628.085901, 690379.470303, 883, 0, 883
11325: 3729.629509, 690434.311166, 916, 0, 916
11129: 3679.026150, 693234.110447, 915, 0, 915
11060: 3681.502857, 693256.812753, 903, 0, 903
10761: 3630.195290, 694881.355419, 896, 0, 896
10931: 3697.524700, 694004.166859, 898, 0, 898
10429: 3705.558189, 695024.189229, 889, 0, 889
10506: 3707.672592, 695026.135431, 912, 0, 912
10546: 3641.407097, 695125.148562, 874, 0, 874
11242: 3758.196002, 692566.198600, 921, 0, 921
10462: 3715.275774, 695160.251191, 903, 0, 903
11165: 3520.623040, 692899.284129, 858, 0, 858
11115: 3708.370666, 693668.540570, 914, 0, 914
11206: 3507.020341, 692959.429309, 856, 0, 856
10427: 3728.303825, 695303.978775, 902, 0, 902
11387: 3624.103162, 690034.354357, 891, 0, 891
11090: 3645.192179, 693816.675666, 893, 0, 893
11301: 3586.315396, 691154.968671, 876, 0, 876
10987: 3781.258278, 694266.642919, 931, 0, 931
11341: 3687.346283, 691088.268416, 896, 0, 896
10428: 3733.287592, 695387.218802, 917, 0, 917
11347: 3689.181955, 691106.244303, 904, 0, 904
10699: 3544.933906, 695472.780029, 872, 0, 872
11337: 3696.634700, 691167.151895, 909, 0, 909
10597: 3667.733475, 695525.138404, 893, 0, 893
10511: 3742.830607, 695474.302890, 913, 0, 913
11025: 3662.913647, 694057.537486, 888, 0, 888
10435: 3751.183759, 695592.497720, 913, 0, 913
10948: 3749.454642, 694631.499937, 908, 0, 908
10802: 3564.508691, 695329.425195, 875, 0, 875
10500: 3759.677345, 695653.811698, 909, 0, 909
10515: 3765.622066, 695712.335483, 908, 0, 908
10782: 3576.051891, 695402.701099, 887, 0, 887
10660: 3573.845380, 695821.667474, 879, 0, 879
11130: 3755.681369, 694173.106425, 916, 0, 916
10459: 3770.380055, 695748.934156, 930, 0, 930
10510: 3772.441993, 695748.853184, 939, 0, 939
10934: 3768.521922, 694752.486184, 921, 0, 921
10687: 3581.761200, 695856.401255, 869, 0, 869
10892: 3583.774733, 694946.443844, 875, 0, 875
10696: 3578.930148, 695874.734719, 871, 0, 871
10684: 3581.284217, 695889.076066, 886, 0, 886
10907: 3689.263965, 694872.773617, 901, 0, 901
10750: 3698.518001, 695785.399836, 912, 0, 912
10512: 3805.102826, 695795.975780, 938, 0, 938
10475: 3812.537615, 695798.473904, 929, 0, 929
10859: 3699.004505, 695413.591305, 915, 0, 915
10650: 3590.375506, 695931.620300, 883, 0, 883
11245: 3682.810869, 692439.930460, 910, 0, 910
11253: 3698.876854, 692487.205638, 908, 0, 908
10569: 3720.989276, 695988.749765, 910, 0, 910
10851: 3721.142926, 695479.121899, 926, 0, 926
10903: 3611.165210, 695102.846614, 891, 0, 891
10596: 3733.061598, 696015.706882, 909, 0, 909
10752: 3734.195584, 695917.841091, 915, 0, 915
10605: 3743.404739, 696037.545572, 924, 0, 924
10567: 3744.602782, 696041.026736, 912, 0, 912
10875: 3748.060851, 695523.547229, 909, 0, 909
11177: 3619.437129, 693687.888131, 890, 0, 890
10767: 3626.186573, 695716.814875, 890, 0, 890
10686: 3640.458053, 696173.759241, 886, 0, 886
10772: 3671.689802, 695751.160446, 909, 0, 909
11009: 3640.275010, 694747.748274, 899, 0, 899
10674: 3672.804498, 696241.535725, 903, 0, 903
10780: 3656.890769, 695870.050400, 893, 0, 893
11295: 3716.246286, 692013.582782, 918, 0, 918
11284: 3776.919765, 692770.462781, 907, 0, 907
11300: 3722.383382, 692030.775453, 910, 0, 910
10470: 3715.959287, 696390.743166, 903, 0, 903
11299: 3737.837128, 692043.108101, 913, 0, 913
10708: 3770.006052, 696243.205525, 915, 0, 915
10535: 3752.436635, 696383.192170, 910, 0, 910
11208: 3688.770396, 693921.174603, 894, 0, 894
11285: 3681.334593, 692137.811882, 887, 0, 887
11205: 3717.378265, 693909.775409, 906, 0, 906
10671: 3785.177368, 696313.602757, 906, 0, 906
