11955: 1881.497862, 445442.429166, 455, 0, 455
12086: 1894.317680, 449038.508265, 457, 0, 457
12218: 1865.296957, 448411.794295, 456, 0, 456
11508: 1890.957637, 451537.328305, 467, 0, 467
11814: 1910.294448, 451535.473876, 469, 0, 469
11680: 1916.666163, 452420.610957, 470, 0, 470
11749: 1890.492930, 452885.184734, 466, 0, 466
11491: 1895.481524, 453362.228077, 458, 0, 458
11807: 1919.593150, 453653.958939, 465, 0, 465
11480: 1902.638018, 455026.868612, 474, 0, 474
11458: 1905.841099, 455780.469887, 469, 0, 469
11820: 1928.259945, 455808.507596, 473, 0, 473
11452: 1915.115342, 457983.750661, 470, 0, 470
12160: 1923.813044, 456014.952629, 469, 0, 469
12212: 1897.674445, 456072.132109, 461, 0, 461
12135: 1925.579242, 456673.836678, 467, 0, 467
12293: 1909.385210, 458720.982867, 467, 0, 467
12351: 1915.498914, 460154.856964, 473, 0, 473
11906: 1936.802995, 464313.798335, 473, 0, 473
12017: 1942.689697, 466068.641322, 476, 0, 476
11975: 1976.010259, 467468.421858, 480, 0, 480
11616: 1991.320177, 469373.064297, 486, 0, 486
11519: 1970.393387, 469970.010213, 477, 0, 477
12007: 1890.453142, 469025.434733, 459, 0, 459
11818: 1993.765144, 470771.730019, 484, 0, 484
11977: 1993.496776, 471417.110704, 494, 0, 494
12196: 1966.546329, 471723.956126, 473, 0, 473
11687: 2010.769818, 474386.948717, 486, 0, 486
11832: 2010.989601, 474262.581535, 485, 0, 485
11888: 1978.790291, 473923.802161, 480, 0, 480
11973: 2008.681772, 474803.516674, 488, 0, 488
12275: 1905.729272, 473389.797994, 463, 0, 463
11500: 1997.887962, 476875.371331, 492, 0, 492
12189: 1980.802184, 474865.632832, 477, 0, 477
12277: 1909.222138, 474238.114701, 470, 0, 470
11495: 1999.732349, 477309.752923, 490, 0, 490
11643: 1933.760009, 477609.866581, 472, 0, 472
11628: 1936.003872, 477976.299679, 468, 0, 468
12229: 1916.266068, 476001.357399, 459, 0, 459
12295: 1985.120881, 475949.592151, 480, 0, 480
11825: 2031.098470, 479154.204556, 499, 0, 499
12268: 1914.656909, 475172.968148, 478, 0, 478
11645: 1943.681592, 480003.749258, 476, 0, 476
12374: 2009.575655, 476027.874040, 495, 0, 495
12041: 2026.226838, 479065.696493, 497, 0, 497
11627: 1952.070562, 481876.110116, 476, 0, 476
12094: 2034.380940, 480975.271601, 502, 0, 502
12006: 1944.805934, 482267.279283, 470, 0, 470
11733: 2032.547634, 485215.528319, 500, 0, 500
12286: 1945.042894, 482862.173808, 471, 0, 471
11824: 2060.899875, 485968.480174, 500, 0, 500
12195: 2023.365365, 484287.172939, 494, 0, 494
11674: 1968.693274, 486717.693650, 479, 0, 479
11439: 2055.041924, 487532.555319, 501, 0, 501
12187: 1957.675337, 485632.939703, 478, 0, 478
11626: 1980.428344, 488547.878482, 481, 0, 481
11444: 2055.940397, 489707.480552, 503, 0, 503
12301: 2035.406123, 486952.355468, 491, 0, 491
12202: 2039.853407, 487914.882017, 493, 0, 493
12377: 2057.690417, 487296.157032, 505, 0, 505
11515: 2072.317698, 492563.456678, 506, 0, 506
11496: 2075.672900, 493914.508172, 504, 0, 504
12363: 2077.888726, 491924.590245, 508, 0, 508
11447: 2086.319893, 496233.596066, 510, 0, 510
12188: 1996.278733, 494686.573287, 484, 0, 484
12126: 2090.620457, 494610.440092, 507, 0, 507
12350: 2065.003788, 493302.172753, 507, 0, 507
11460: 2093.175446, 497706.635482, 507, 0, 507
12123: 2091.426031, 494397.390914, 506, 0, 506
12036: 2083.033744, 496941.202817, 511, 0, 511
11518: 2102.529396, 499026.745319, 512, 0, 512
12393: 1993.374532, 494291.931217, 486, 0, 486
12387: 2092.095443, 495481.614681, 501, 0, 501
11469: 2103.379044, 499807.953047, 510, 0, 510
11445: 2104.369387, 500036.090881, 509, 0, 509
11722: 2024.765002, 499747.937451, 494, 0, 494
12139: 2106.164098, 498266.927651, 515, 0, 515
12173: 2089.597187, 498437.800029, 510, 0, 510
11894: 2101.587949, 500585.551394, 511, 0, 511
12091: 2115.930188, 500166.298916, 516, 0, 516
12416: 2005.100954, 497218.386856, 483, 0, 483
12020: 2103.424255, 501188.876799, 514, 0, 514
11432: 2042.133938, 503110.391217, 501, 0, 501
11610: 2139.833261, 503505.543539, 521, 0, 521
12222: 2120.343347, 501513.875634, 526, 0, 526
12148: 2121.583367, 501782.771577, 524, 0, 524
12191: 2107.042583, 502036.292142, 506, 0, 506
11815: 2137.180128, 503825.381370, 528, 0, 528
12168: 2108.099534, 502183.802219, 521, 0, 521
11511: 2124.988605, 503604.283417, 518, 0, 518
11613: 2145.835503, 504947.463511, 521, 0, 521
11714: 2146.541033, 505919.419727, 529, 0, 529
11430: 2055.926935, 506233.141032, 502, 0, 502
12151: 2134.899837, 504805.528372, 524, 0, 524
11845: 1882.676160, 507325.981978, 460, 0, 460
11960: 2151.078074, 507562.507487, 524, 0, 524
12104: 2146.933150, 507263.069193, 521, 0, 521
11487: 2147.266227, 508967.187829, 524, 0, 524
12005: 2061.140850, 509355.493644, 494, 0, 494
11706: 2168.572471, 510713.601583, 527, 0, 527
12019: 2140.774471, 509447.654080, 521, 0, 521
11578: 1905.220183, 511145.522899, 464, 0, 464
11849: 1897.003441, 510467.851667, 468, 0, 468
11527: 1910.344258, 511850.662603, 469, 0, 469
12144: 2156.633420, 509592.334284, 523, 0, 523
12102: 2163.443661, 510906.711023, 524, 0, 524
12061: 1900.074755, 511335.724548, 470, 0, 470
12213: 2152.422460, 512394.372500, 522, 0, 522
11533: 1926.779498, 515482.114734, 468, 0, 468
12064: 1909.500800, 513401.717320, 470, 0, 470
11605: 2108.740304, 516693.562576, 518, 0, 518
11962: 2190.480483, 516187.643172, 534, 0, 534
12014: 2169.292215, 515867.287952, 539, 0, 539
11911: 2192.195658, 516503.261917, 536, 0, 536
11731: 2180.587587, 517476.902706, 531, 0, 531
11588: 1937.950666, 518337.091571, 472, 0, 472
12422: 2082.156666, 514645.234713, 499, 0, 499
11703: 2212.075909, 520198.637571, 548, 0, 548
12314: 1925.312046, 517071.925484, 472, 0, 472
11735: 2195.109890, 520729.783750, 528, 0, 528
11924: 2112.890043, 520697.858991, 512, 0, 512
11757: 2119.068826, 521630.187662, 511, 0, 511
12328: 1928.012967, 518012.162481, 464, 0, 464
11598: 2133.612536, 522328.776075, 520, 0, 520
12112: 2205.017986, 520117.533473, 535, 0, 535
12101: 2209.863175, 520944.488218, 545, 0, 545
11717: 2223.488700, 522791.089813, 542, 0, 542
11759: 2123.389571, 522652.915395, 511, 0, 511
11817: 2223.689699, 522782.907100, 540, 0, 540
11594: 1964.519676, 524047.960880, 474, 0, 474
11608: 2141.344104, 524032.889985, 520, 0, 520
11976: 2223.202641, 523314.669376, 532, 0, 532
11592: 1971.870744, 525674.985480, 483, 0, 483
12012: 2131.472865, 525109.432911, 514, 0, 514
11903: 2215.267370, 525756.666421, 538, 0, 538
11943: 2139.284977, 526631.522928, 520, 0, 520
12298: 2207.978468, 524715.831403, 536, 0, 536
11534: 1986.710641, 528342.106325, 486, 0, 486
11563: 1988.858051, 529042.699139, 479, 0, 479
12236: 2143.586815, 528290.898868, 522, 0, 522
11648: 2164.872581, 530771.992328, 527, 0, 527
12066: 1988.801087, 530390.903932, 482, 0, 482
11560: 2255.102417, 531732.671933, 555, 0, 555
12162: 2251.078774, 529753.503883, 549, 0, 549
11691: 2271.520847, 532636.008000, 563, 0, 563
12266: 2152.179532, 529997.194706, 524, 0, 524
11644: 2180.684168, 534120.477820, 527, 0, 527
12326: 1983.551284, 530149.469505, 479, 0, 479
11424: 2191.576615, 534474.206751, 531, 0, 531
11919: 2172.906350, 533782.320596, 525, 0, 525
11507: 2264.289149, 534534.471462, 555, 0, 555
11683: 2281.125190, 534587.012623, 555, 0, 555
11614: 2284.053177, 534633.911458, 561, 0, 561
11812: 2281.387027, 534553.774863, 558, 0, 558
11763: 2181.586759, 535223.267083, 529, 0, 529
11879: 2011.541865, 534981.298377, 492, 0, 492
11437: 2190.109466, 536099.237331, 529, 0, 529
11701: 2291.152194, 536751.725913, 554, 0, 554
11591: 2028.477044, 537551.030041, 491, 0, 491
11950: 2287.117484, 536495.390107, 555, 0, 555
11537: 2031.087385, 537717.986507, 504, 0, 504
12217: 2256.847426, 535435.184647, 551, 0, 551
12125: 2015.311686, 536090.453244, 493, 0, 493
11890: 2268.212979, 537268.439795, 546, 0, 546
11502: 2203.858151, 538302.801174, 542, 0, 542
11884: 2269.073470, 537423.550757, 549, 0, 549
11875: 2024.877120, 537731.770203, 489, 0, 489
11712: 2299.808602, 538591.289023, 561, 0, 561
12127: 2284.605072, 536657.129522, 555, 0, 555
11998: 2192.613256, 538258.341571, 530, 0, 530
12419: 2174.154995, 534618.265609, 520, 0, 520
11836: 2303.090319, 539355.372243, 557, 0, 557
11499: 2286.097217, 539860.706342, 558, 0, 558
11774: 2204.074890, 539916.728227, 536, 0, 536
11829: 2302.417048, 539196.255444, 555, 0, 555
11638: 2212.174352, 540673.229042, 537, 0, 537
11963: 2303.995139, 540002.507149, 562, 0, 562
12413: 2181.970488, 536255.947152, 528, 0, 528
11766: 2212.451942, 541656.086143, 540, 0, 540
11572: 2051.996042, 542299.606981, 495, 0, 495
12038: 2284.059404, 540884.929030, 562, 0, 562
12235: 2200.818183, 540338.133943, 535, 0, 535
11532: 2058.322570, 543271.788592, 500, 0, 500
11808: 2322.317079, 543029.195603, 564, 0, 564
12325: 2042.442546, 539654.394095, 501, 0, 501
11758: 2220.652474, 543332.755153, 535, 0, 535
12011: 2218.883780, 543607.011866, 539, 0, 539
12388: 2207.389505, 541582.754830, 530, 0, 530
12077: 2062.195702, 545609.651496, 495, 0, 495
11848: 2069.525792, 546860.005299, 505, 0, 505
11893: 2318.353343, 547802.444123, 577, 0, 577
11556: 2086.064931, 549102.694094, 505, 0, 505
11536: 2090.350848, 549775.321509, 504, 0, 504
12311: 2057.621727, 545839.933150, 502, 0, 502
11867: 2086.884038, 550006.599278, 502, 0, 502
11804: 2091.200020, 550772.600156, 510, 0, 510
11667: 2364.341240, 551047.905985, 581, 0, 581
11986: 2252.670665, 549938.328708, 548, 0, 548
11910: 2332.203630, 550693.233057, 563, 0, 563
12327: 2082.321104, 547730.687706, 507, 0, 507
11920: 2257.326410, 551022.430720, 546, 0, 546
11673: 2265.265141, 552051.122402, 551, 0, 551
12185: 2252.461914, 550422.141038, 547, 0, 547
11778: 2106.892432, 553809.802294, 508, 0, 508
12297: 2331.690323, 550957.170466, 569, 0, 569
11509: 2359.871600, 554695.103281, 574, 0, 574
12021: 2346.613267, 553919.302597, 571, 0, 571
11506: 2367.547156, 556271.522962, 568, 0, 568
12284: 2268.420530, 553517.072255, 553, 0, 553
12368: 2365.271328, 552474.626665, 580, 0, 580
11629: 2293.346353, 556768.916816, 558, 0, 558
11864: 2117.198620, 556300.231539, 516, 0, 516
12177: 2275.171230, 554845.636665, 558, 0, 558
12100: 2383.365071, 555919.967867, 585, 0, 585
11901: 2361.991717, 556826.781794, 584, 0, 584
12193: 2354.465271, 555670.321283, 576, 0, 576
11693: 2405.541289, 559190.203102, 588, 0, 588
11862: 2131.065599, 559002.512200, 521, 0, 521
11528: 2142.203086, 559911.820073, 511, 0, 511
11461: 2382.846537, 559946.049421, 586, 0, 586
11831: 2408.267576, 559907.607994, 590, 0, 590
12237: 2292.024471, 558367.357848, 569, 0, 569
12198: 2367.911159, 558404.330765, 586, 0, 586
11453: 2387.544179, 560881.813904, 580, 0, 580
11425: 2326.787820, 561527.061436, 575, 0, 575
12358: 2390.753700, 557273.629181, 582, 0, 582
11809: 2417.714784, 561582.096252, 587, 0, 587
11968: 2413.527768, 561337.228008, 594, 0, 594
12098: 2409.462636, 560909.836700, 588, 0, 588
11516: 2400.448118, 562842.539697, 589, 0, 589
12159: 2408.494049, 560817.643429, 584, 0, 584
11457: 2398.650241, 563118.647032, 585, 0, 585
12410: 2294.413126, 558303.656840, 557, 0, 557
11794: 2157.485069, 563706.814881, 525, 0, 525
12034: 2389.842547, 562607.726459, 578, 0, 578
11729: 2400.459304, 563953.739006, 575, 0, 575
12251: 2144.653677, 561620.249255, 522, 0, 522
12175: 2318.181771, 563046.828437, 573, 0, 573
12204: 2391.108303, 562993.627825, 586, 0, 586
11448: 2413.451598, 565967.666322, 591, 0, 591
12062: 2161.051123, 564907.871893, 521, 0, 521
11564: 2175.086367, 566521.573910, 536, 0, 536
11656: 2444.297827, 566240.991536, 596, 0, 596
11835: 2444.313137, 566631.406546, 596, 0, 596
12143: 2163.377895, 565414.822154, 523, 0, 523
11896: 2411.414844, 566589.620565, 577, 0, 577
11657: 2450.684914, 567450.315919, 603, 0, 603
11618: 2454.635558, 567856.446007, 602, 0, 602
12395: 2164.659021, 563073.927786, 525, 0, 525
11545: 2185.503888, 568396.471932, 532, 0, 532
12166: 2437.477533, 565999.963983, 596, 0, 596
11834: 2450.904101, 567880.335180, 597, 0, 597
11954: 2448.019016, 567647.570864, 600, 0, 600
11970: 2448.086890, 567707.019808, 598, 0, 598
12053: 2175.669460, 567653.609123, 523, 0, 523
11595: 2187.915327, 569095.743065, 529, 0, 529
11876: 2180.936261, 568581.048898, 527, 0, 527
11944: 2350.067561, 568893.565204, 572, 0, 572
11558: 2196.511367, 570508.314108, 532, 0, 532
11852: 2183.414903, 569018.875915, 526, 0, 526
12121: 2182.399977, 568940.848220, 536, 0, 536
11468: 2439.867684, 570996.833593, 599, 0, 599
11957: 2468.008844, 570847.810316, 608, 0, 608
12082: 2461.708241, 570298.467990, 600, 0, 600
12382: 2442.154790, 566817.278333, 594, 0, 594
11953: 2464.254489, 570487.436057, 590, 0, 590
11938: 2361.954804, 571069.752438, 577, 0, 577
11908: 2436.002359, 571264.847097, 602, 0, 602
11844: 2197.344216, 571533.508966, 534, 0, 534
12154: 2189.590821, 570214.196262, 537, 0, 537
12170: 2424.533587, 569325.255320, 587, 0, 587
12291: 2425.685436, 569443.914231, 589, 0, 589
11521: 2212.175800, 573698.738976, 546, 0, 546
11551: 2215.528784, 573890.332740, 538, 0, 538
12249: 2196.297108, 571174.269137, 535, 0, 535
12129: 2466.843949, 571311.766068, 596, 0, 596
11734: 2452.238692, 573854.594806, 600, 0, 600
11617: 2493.842282, 574684.974828, 611, 0, 611
12348: 2432.715440, 570644.829780, 584, 0, 584
12109: 2447.336728, 573735.977680, 598, 0, 598
11992: 2379.769141, 574519.108872, 580, 0, 580
12030: 2453.604399, 574683.988911, 608, 0, 608
11682: 2501.393174, 576359.001559, 612, 0, 612
12285: 2374.366842, 573539.936017, 566, 0, 566
11797: 2227.294226, 576469.799292, 543, 0, 543
11945: 2389.696975, 576266.302607, 579, 0, 579
11658: 2506.671899, 577135.067410, 613, 0, 613
12182: 2384.043703, 575361.337527, 578, 0, 578
11822: 2504.985201, 577095.317890, 614, 0, 614
11607: 2410.700076, 577652.836045, 594, 0, 594
11902: 2466.879836, 576974.690290, 601, 0, 601
12296: 2456.092072, 575073.224465, 595, 0, 595
12319: 2202.792906, 574235.157637, 528, 0, 528
12210: 2461.883952, 576330.496095, 598, 0, 598
12309: 2205.554032, 574704.937183, 534, 0, 534
11576: 2245.046124, 579171.487528, 543, 0, 543
12206: 2464.618134, 576816.305901, 602, 0, 602
11868: 2237.738262, 578664.233129, 543, 0, 543
12417: 2379.546833, 574157.699000, 581, 0, 581
12022: 2471.855023, 578014.452534, 602, 0, 602
11498: 2485.452376, 579452.262990, 606, 0, 606
12165: 2503.340531, 577446.322518, 611, 0, 611
11583: 2248.839072, 579867.419505, 550, 0, 550
12353: 2463.381404, 576013.737080, 601, 0, 601
11695: 2523.642133, 580148.637870, 613, 0, 613
11664: 2528.533017, 580804.684282, 620, 0, 620
12051: 2245.495805, 580041.086692, 548, 0, 548
11585: 2260.994799, 582023.650329, 540, 0, 540
11780: 2255.303725, 581314.524491, 548, 0, 548
11770: 2424.040885, 582070.195476, 592, 0, 592
11948: 2530.218699, 581549.767235, 626, 0, 626
11748: 2498.891922, 582211.294151, 615, 0, 615
12152: 2250.172396, 580836.021350, 547, 0, 547
11633: 2433.376269, 582945.419026, 597, 0, 597
11465: 2507.472060, 583293.562179, 614, 0, 614
12330: 2234.257915, 579751.842786, 534, 0, 534
11535: 2275.568266, 584151.456229, 554, 0, 554
12219: 2493.339080, 581890.795441, 604, 0, 604
12344: 2484.800613, 579900.663784, 608, 0, 608
12324: 2239.378684, 580610.972746, 544, 0, 544
12302: 2494.474267, 581779.604880, 607, 0, 607
12089: 2542.532989, 583830.220546, 615, 0, 615
12310: 2274.605527, 581992.007908, 549, 0, 549
12015: 2510.595750, 584687.749201, 623, 0, 623
11540: 2288.663203, 586389.380820, 551, 0, 551
12200: 2503.477329, 583517.366001, 617, 0, 617
12345: 2500.116276, 582469.013178, 604, 0, 604
11587: 2291.729526, 587132.517754, 558, 0, 558
11675: 2452.134473, 586917.058753, 592, 0, 592
11958: 2557.875821, 586085.457697, 630, 0, 630
12408: 2424.116239, 582174.049666, 592, 0, 592
12315: 2256.140284, 583422.278953, 546, 0, 546
11426: 2468.153839, 587574.104555, 602, 0, 602
11562: 2300.711191, 588539.554885, 555, 0, 555
12067: 2288.043081, 587220.200977, 555, 0, 555
11597: 2301.937998, 588857.735177, 562, 0, 562
12375: 2550.572387, 584475.912617, 622, 1, 621
12176: 2444.088359, 585922.079080, 600, 1, 599
12406: 2439.688136, 584893.930470, 592, 0, 592
11816: 2584.076047, 589815.040409, 629, 0, 629
12048: 2301.431101, 589339.829681, 559, 0, 559
11455: 2552.822162, 590840.023912, 625, 0, 625
11828: 2589.049953, 590777.702573, 625, 0, 625
11732: 2552.468049, 591129.554948, 626, 0, 626
12321: 2315.703519, 588525.649063, 554, 0, 554
11813: 2598.552141, 592213.003434, 640, 0, 640
11481: 2564.983327, 592802.864392, 627, 0, 627
11654: 2605.274728, 593051.082898, 637, 0, 637
12247: 2311.296585, 590546.197476, 560, 0, 560
11999: 2479.001451, 592147.497641, 606, 0, 606
11990: 2480.102058, 592349.762475, 607, 0, 607
12090: 2322.250666, 592900.528121, 568, 0, 568
11482: 2574.333071, 594304.880608, 633, 0, 633
11428: 2501.886625, 594967.217971, 609, 0, 609
11442: 2580.431818, 595235.972458, 624, 0, 624
11427: 2504.586722, 595420.362817, 617, 0, 617
12242: 2311.051545, 592811.150809, 558, 0, 558
11459: 2584.164459, 595824.178952, 631, 0, 631
11435: 2512.368985, 596768.671052, 616, 0, 616
11451: 2589.761968, 596699.089039, 631, 0, 631
12209: 2572.874448, 594786.605041, 627, 0, 627
11635: 2514.915739, 597130.576449, 616, 0, 616
12161: 2615.225507, 595277.284630, 627, 0, 627
12096: 2620.088602, 596074.258575, 633, 0, 633
11857: 2349.515500, 597039.239455, 572, 0, 572
12283: 2494.263485, 594642.065392, 608, 0, 608
12157: 2346.022870, 596386.489024, 562, 0, 562
11765: 2515.703654, 597992.938814, 612, 0, 612
11777: 2358.944201, 598221.092632, 573, 0, 573
11684: 2641.100607, 598690.354853, 646, 0, 646
11966: 2636.350731, 598081.499997, 639, 0, 639
11863: 2363.734354, 599281.443444, 572, 0, 572
11941: 2521.032787, 599174.247832, 619, 0, 619
12411: 2500.085407, 595116.700108, 607, 0, 607
11736: 2609.134834, 600016.281080, 646, 0, 646
11692: 2651.484525, 600331.073438, 650, 0, 650
12027: 2604.770951, 599655.434700, 631, 0, 631
12421: 2507.450126, 596304.471779, 612, 0, 612
11889: 2613.388134, 600947.970206, 639, 0, 639
12119: 2368.464690, 599889.270041, 570, 0, 570
12178: 2526.289934, 600037.248490, 619, 0, 619
12059: 2375.497053, 601055.787363, 578, 0, 578
11470: 2724.720845, 602918.366691, 663, 0, 663
12002: 2540.333476, 602300.722978, 619, 0, 619
12016: 2622.274279, 602322.901275, 644, 0, 644
11965: 2668.065601, 603085.512072, 654, 0, 654
12010: 2544.056904, 602913.079459, 612, 0, 612
11549: 2402.522112, 604549.608392, 595, 0, 595
11882: 2632.615318, 603847.046812, 637, 0, 637
11872: 2396.431087, 604268.290637, 586, 0, 586
12207: 2625.949946, 602797.142373, 641, 0, 641
12282: 2540.106016, 602052.193203, 619, 0, 619
11472: 2645.284527, 605165.648363, 647, 0, 647
12113: 2392.129399, 603489.699385, 589, 0, 589
12359: 2661.327987, 601573.749810, 646, 0, 646
12308: 2387.174785, 603797.532135, 586, 0, 586
11880: 2416.230013, 607271.863048, 579, 0, 579
12039: 2650.668964, 606485.490900, 643, 0, 643
11565: 2428.004617, 608435.020555, 584, 0, 584
12261: 2397.621652, 605670.986543, 584, 0, 584
12205: 2650.559684, 606428.068148, 651, 0, 651
11552: 2436.323714, 609603.275459, 592, 0, 592
11917: 2581.206656, 608669.450298, 632, 0, 632
11856: 2428.193390, 609032.535099, 595, 0, 595
11987: 2580.004519, 608605.368860, 633, 0, 633
11961: 2709.555678, 609136.079505, 659, 0, 659
11547: 2441.832375, 610409.745125, 602, 0, 602
12264: 2573.722905, 607390.804655, 615, 0, 615
12307: 2405.326344, 606412.389753, 591, 0, 591
11756: 2591.235569, 610088.663649, 627, 0, 627
11886: 2672.981398, 609583.638388, 656, 0, 656
11497: 2683.937139, 610802.262457, 656, 0, 656
11676: 2598.244216, 611112.630723, 631, 0, 631
12216: 2668.678313, 609073.563298, 656, 0, 656
11494: 2691.502567, 611859.623613, 657, 0, 657
12390: 2578.607963, 607494.450011, 625, 0, 625
11539: 2462.469581, 613345.572448, 610, 0, 610
11477: 2703.537448, 613191.101302, 659, 0, 659
12399: 2450.876183, 608250.157875, 600, 0, 600
11887: 2692.421915, 612447.489378, 647, 0, 647
11601: 2623.757552, 613442.108212, 631, 0, 631
11897: 2695.092901, 612787.965190, 656, 0, 656
11789: 2462.588017, 613784.390408, 600, 0, 600
11489: 2709.841838, 614332.689788, 656, 0, 656
12130: 2731.768636, 612448.932202, 668, 0, 668
12035: 2700.481813, 613463.122170, 655, 0, 655
11441: 2725.147860, 614974.873352, 673, 0, 673
11730: 2710.115728, 614607.170652, 661, 0, 661
11713: 2752.786783, 615213.141159, 678, 0, 678
12081: 2745.820204, 614473.024554, 672, 0, 672
11632: 2634.004019, 615962.794923, 637, 0, 637
12131: 2465.811409, 614255.326805, 608, 0, 608
11745: 2728.248176, 616956.374222, 666, 0, 666
11600: 2653.378779, 617900.970808, 648, 0, 648
11566: 2495.575748, 618223.577354, 602, 0, 602
11483: 2737.776316, 618005.045815, 664, 0, 664
12401: 2484.740540, 613056.197039, 603, 0, 603
11523: 2496.330774, 618400.667628, 605, 0, 605
12304: 2722.007752, 615457.435287, 658, 0, 658
12214: 2724.487959, 616466.105057, 654, 0, 654
11837: 2775.304521, 618410.936604, 674, 0, 674
12230: 2633.589002, 616845.548777, 636, 0, 636
12392: 2626.122558, 614595.686691, 646, 0, 646
11665: 2786.273441, 619708.832007, 680, 0, 680
11788: 2505.033122, 619778.286856, 614, 0, 614
11796: 2506.890469, 620051.937690, 610, 0, 610
11969: 2783.042122, 619641.989806, 684, 0, 684
12069: 2503.280790, 619699.558463, 607, 0, 607
11429: 2669.912132, 621346.674757, 648, 0, 648
11826: 2793.895516, 620907.886624, 679, 0, 679
11866: 2511.543362, 620900.893361, 615, 0, 615
12149: 2507.354309, 620049.176406, 607, 0, 607
12023: 2752.659225, 620179.873338, 676, 0, 676
11505: 2778.587054, 622803.643301, 672, 0, 672
12346: 2754.186409, 619365.764361, 673, 0, 673
11996: 2673.621339, 622604.126206, 649, 0, 649
12239: 2668.049785, 621906.067344, 634, 0, 634
12000: 2674.844016, 622753.832252, 644, 0, 644
11449: 2787.672157, 624344.145624, 677, 0, 677
11855: 2533.044481, 623847.934057, 618, 0, 618
12305: 2537.233654, 620716.618724, 605, 0, 605
11696: 2821.698591, 624664.689218, 686, 0, 686
11681: 2824.753023, 625002.467473, 680, 0, 680
11718: 2826.236777, 625395.416681, 681, 0, 681
11754: 2693.493018, 625299.453644, 666, 0, 666
12320: 2527.807153, 622292.428531, 619, 0, 619
11929: 2695.423758, 625718.935471, 654, 0, 654
12381: 2808.042751, 622369.696638, 685, 0, 685
11567: 2559.204253, 626923.655216, 623, 0, 623
11471: 2708.717206, 626930.833503, 658, 0, 658
11604: 2715.951680, 626970.344669, 653, 0, 653
11806: 2556.435821, 626810.074214, 623, 0, 623
12058: 2550.901858, 626072.387099, 621, 0, 621
11753: 2705.971687, 627054.270897, 659, 0, 659
12208: 2794.591359, 625233.097271, 681, 0, 681
11895: 2805.698478, 626893.522100, 687, 0, 687
11751: 2811.280025, 627317.264800, 685, 0, 685
12396: 2557.153552, 622864.080609, 625, 0, 625
11885: 2806.977731, 627024.792729, 684, 0, 684
12199: 2798.793935, 625732.187112, 691, 0, 691
12333: 2541.896458, 623997.770545, 623, 0, 623
11623: 2718.670411, 628199.150026, 653, 0, 653
11898: 2811.517421, 627551.666309, 683, 0, 683
11936: 2711.219163, 627931.206831, 668, 0, 668
11615: 2856.281688, 628608.951595, 693, 0, 693
12180: 2704.095831, 626767.256968, 663, 0, 663
11463: 2824.506860, 628815.184567, 692, 0, 692
11984: 2709.376330, 627635.868738, 662, 0, 662
12292: 2805.356339, 626058.162928, 679, 0, 679
11661: 2858.397351, 629342.209304, 693, 0, 693
11631: 2729.054295, 629643.598781, 663, 0, 663
12288: 2705.561938, 626687.028589, 659, 0, 659
12040: 2823.361799, 628756.258148, 701, 0, 701
12340: 2810.320319, 626033.349701, 681, 0, 681
12068: 2574.325236, 629176.477748, 632, 0, 632
11554: 2592.653597, 631266.652126, 628, 0, 628
12294: 2823.574644, 628080.252289, 678, 0, 678
11932: 2732.837457, 630801.530621, 659, 0, 659
12279: 2720.820831, 628551.071134, 659, 0, 659
12088: 2862.106417, 630128.280870, 702, 0, 702
11744: 2845.781361, 631274.866194, 691, 0, 691
12223: 2859.484641, 629678.804753, 692, 0, 692
11438: 2746.015861, 631958.030541, 667, 0, 667
12076: 2591.288373, 631431.401379, 628, 0, 628
11637: 2755.535628, 633169.116714, 677, 0, 677
12385: 2860.363462, 629117.865524, 699, 0, 699
12194: 2848.890029, 631302.288886, 696, 0, 696
11743: 2862.890047, 633193.479302, 702, 0, 702
12356: 2847.399232, 630123.948844, 691, 0, 691
11493: 2878.101416, 634712.368614, 702, 0, 702
12269: 2744.504226, 631768.133030, 670, 0, 670
12405: 2737.580762, 630019.627814, 663, 0, 663
12033: 2868.435402, 633700.036620, 703, 0, 703
11548: 2628.331078, 635763.852067, 633, 0, 633
12156: 2890.229636, 633573.951989, 705, 0, 705
11478: 2889.797183, 635734.755780, 708, 0, 708
11931: 2767.551650, 635242.740774, 663, 0, 663
11476: 2896.622712, 636614.746816, 711, 0, 711
12250: 2621.442831, 634319.516988, 636, 0, 636
12306: 2637.119080, 633496.626105, 640, 0, 640
12099: 2910.270173, 636211.785619, 709, 0, 709
11524: 2645.843748, 638027.212898, 653, 0, 653
11467: 2908.064466, 637783.533074, 724, 0, 724
12097: 2913.646716, 636628.450352, 711, 0, 711
11646: 2798.304247, 638590.189570, 680, 0, 680
11997: 2786.011603, 637419.060375, 681, 0, 681
12386: 2904.847270, 634584.898065, 713, 0, 713
11874: 2645.041855, 638299.368960, 637, 0, 637
11746: 2920.202487, 639197.106467, 714, 0, 714
11769: 2805.936364, 639762.424586, 688, 0, 688
12357: 2916.636306, 635874.823116, 712, 0, 712
12372: 2917.118573, 635989.385899, 711, 0, 711
11947: 2937.835935, 639426.334403, 722, 0, 722
11802: 2665.907544, 640812.941769, 648, 0, 648
12078: 2939.016627, 639532.077028, 715, 0, 715
11621: 2821.541496, 641096.105505, 693, 0, 693
12075: 2659.020075, 639960.677571, 644, 0, 644
12117: 2656.681873, 639412.732396, 656, 0, 656
11550: 2675.254321, 641672.928454, 648, 0, 648
11964: 2948.520048, 640749.143985, 723, 0, 723
12153: 2941.129887, 639667.590937, 707, 0, 707
12361: 2931.420173, 637627.559651, 712, 0, 712
11869: 2669.749264, 641370.622199, 647, 0, 647
12108: 2931.645595, 640506.399187, 719, 0, 719
11883: 2937.950615, 641226.201165, 709, 0, 709
12323: 2671.731633, 638088.765098, 652, 0, 652
11575: 2683.754447, 642780.232284, 656, 0, 656
11678: 2832.699274, 642834.850528, 696, 0, 696
12201: 2936.398691, 640666.656107, 725, 0, 725
12376: 2939.997665, 638670.740930, 715, 0, 715
11843: 2682.408689, 642874.524557, 656, 0, 656
11925: 2832.132059, 642754.932687, 682, 0, 682
11609: 2977.234578, 643536.899095, 724, 0, 724
11723: 2959.085902, 643366.547047, 713, 0, 713
12318: 2692.589956, 640280.118987, 656, 0, 656
11668: 2980.922996, 644235.014563, 723, 0, 723
11790: 2697.516252, 644533.761009, 663, 0, 663
11783: 2700.291915, 644859.759989, 657, 0, 657
11580: 2704.694371, 645263.676473, 667, 0, 667
11650: 2989.228714, 645066.822551, 740, 0, 740
11526: 2708.584603, 645496.510365, 658, 0, 658
11454: 2979.134647, 645374.375504, 730, 0, 730
12404: 2702.788016, 640510.440356, 657, 0, 657
11991: 2848.371963, 644388.905844, 695, 0, 695
12095: 2983.534183, 644586.936964, 722, 0, 722
11568: 2716.823231, 646450.394315, 664, 0, 664
12373: 2972.959857, 642269.590111, 715, 0, 715
11561: 2879.192836, 646828.920837, 690, 0, 690
11988: 2859.914653, 645649.478289, 697, 0, 697
12092: 2993.191784, 645517.193405, 730, 0, 730
11647: 2883.598951, 648033.783839, 696, 0, 696
12026: 2992.405591, 646656.423205, 732, 0, 732
12203: 2988.244097, 645970.693125, 734, 0, 734
11590: 2734.676234, 648667.741397, 660, 0, 660
12172: 2992.154043, 646348.094279, 721, 0, 721
12259: 2716.376890, 645797.211083, 657, 0, 657
11686: 3023.276113, 648831.871141, 733, 0, 733
11909: 3009.089388, 648434.034439, 730, 0, 730
11710: 3026.158785, 649207.908583, 741, 0, 741
12414: 2871.216790, 644521.590373, 698, 0, 698
11916: 2889.951289, 648992.690069, 703, 0, 703
11642: 2900.388159, 649788.160844, 701, 0, 701
11760: 2896.370001, 649707.903303, 699, 0, 699
11705: 3041.540164, 650784.321588, 742, 0, 742
12280: 2889.042162, 648051.296375, 696, 0, 696
11779: 2756.175113, 651050.974668, 668, 0, 668
11620: 2915.430981, 651253.427646, 716, 0, 716
12184: 2896.350344, 649199.184275, 704, 0, 704
11850: 2752.552765, 650755.794025, 673, 0, 673
12183: 2900.056633, 649591.034924, 709, 0, 709
12337: 2771.499027, 648204.259165, 680, 0, 680
12272: 2905.449726, 649691.239099, 711, 0, 711
12155: 2757.737996, 650862.433190, 667, 0, 667
11724: 3050.270510, 652510.936972, 744, 0, 744
11823: 3059.690844, 652550.710095, 748, 0, 748
11803: 2777.463951, 653416.737575, 664, 0, 664
12037: 3048.436349, 652150.925595, 738, 0, 738
12046: 2769.939238, 652436.978287, 663, 0, 663
11716: 3067.888752, 653513.663779, 737, 0, 737
12352: 3035.754209, 649463.611714, 738, 0, 738
12052: 2771.459999, 652567.812637, 683, 0, 683
11810: 3071.149199, 653647.214870, 758, 0, 758
11918: 2934.721827, 653471.876009, 706, 0, 706
11726: 3065.005512, 653923.780272, 760, 0, 760
11776: 2787.022282, 654368.586498, 684, 0, 684
11923: 2940.694387, 654065.384700, 721, 0, 721
11904: 3069.725700, 654324.702372, 734, 0, 734
12341: 3053.353740, 651097.816496, 745, 0, 745
11651: 3090.603055, 655544.970835, 745, 0, 745
12116: 2787.421997, 653933.184659, 682, 0, 682
11649: 2962.451700, 655976.629955, 704, 0, 704
12383: 3067.595204, 651986.874475, 752, 0, 752
11436: 2968.370544, 656535.222595, 728, 0, 728
11859: 2809.381297, 656710.535018, 680, 0, 680
11785: 2815.127502, 657267.241059, 685, 0, 685
11553: 2821.723783, 657801.025087, 695, 0, 695
12044: 3097.335886, 656097.830935, 756, 0, 756
11989: 2969.704797, 656603.330952, 731, 0, 731
12084: 3101.615496, 656540.324511, 773, 0, 773
11956: 3108.219780, 657316.821337, 755, 0, 755
12226: 2969.578461, 656367.527326, 712, 0, 712
12215: 3097.675830, 656348.087158, 754, 0, 754
11462: 3117.699099, 658609.186270, 763, 0, 763
12111: 2816.887875, 657031.515597, 698, 0, 698
11793: 2830.907047, 658823.140942, 692, 0, 692
11967: 3119.421151, 658373.569513, 754, 0, 754
12370: 3103.267333, 655301.912336, 759, 0, 759
11557: 2843.484244, 659939.471228, 692, 0, 692
12114: 2826.233320, 657814.418421, 686, 0, 686
11484: 3131.881526, 659897.739933, 759, 0, 759
12118: 3117.847026, 657794.576918, 762, 0, 762
12074: 2832.826364, 658812.751393, 693, 0, 693
11761: 3001.498289, 659805.800201, 730, 0, 730
11577: 2852.362086, 660821.258295, 694, 0, 694
11559: 2853.155966, 660864.889707, 692, 0, 692
11842: 2846.866032, 660332.893195, 692, 0, 692
11520: 3150.749621, 661249.296202, 772, 0, 772
11510: 3150.915738, 661257.738651, 766, 0, 766
12025: 3134.666373, 659856.322374, 769, 0, 769
11555: 2862.521323, 661703.495715, 706, 0, 706
12287: 3000.718928, 658633.777627, 732, 0, 732
11677: 3021.645106, 661712.901782, 739, 0, 739
11881: 3143.448251, 660863.066853, 770, 0, 770
11571: 2866.007116, 662027.592553, 697, 0, 697
12303: 3132.314979, 658741.948059, 772, 0, 772
12028: 3142.317204, 660500.293603, 760, 0, 760
12254: 2848.149663, 659252.214668, 690, 0, 690
12267: 3007.926659, 659291.362165, 735, 0, 735
11709: 3161.776956, 662242.769018, 778, 0, 778
11980: 3022.833151, 661445.530375, 738, 0, 738
11573: 2877.410229, 663080.878961, 698, 0, 698
11993: 3025.041750, 661654.618784, 733, 0, 733
11833: 3168.648996, 662896.616058, 780, 0, 780
11711: 3174.735038, 663557.675352, 774, 0, 774
12312: 2901.490047, 659685.570608, 706, 0, 706
11899: 3168.887445, 662916.940991, 785, 0, 785
12403: 2889.872425, 658881.927094, 696, 0, 696
12085: 3166.879243, 662507.734646, 757, 0, 757
11935: 3045.030571, 663622.404899, 745, 0, 745
12338: 3159.725988, 660215.210966, 763, 0, 763
12329: 2900.992242, 660505.684420, 706, 0, 706
11827: 3182.868238, 664121.972973, 776, 0, 776
12133: 3169.533814, 662422.224169, 761, 0, 761
12115: 2883.854357, 662964.024059, 708, 0, 708
12047: 2891.664681, 663978.832593, 703, 0, 703
12409: 3050.715950, 660420.355828, 743, 0, 743
11981: 3057.043732, 664362.808473, 741, 0, 741
11853: 2907.504187, 665624.335246, 719, 0, 719
11522: 3082.600685, 666328.901296, 754, 0, 754
12167: 3195.250907, 664179.498924, 783, 0, 783
11685: 3209.076524, 666404.073121, 784, 0, 784
11720: 3077.216208, 666422.115558, 741, 0, 741
12389: 3068.993053, 661762.481433, 742, 0, 742
11669: 3215.385408, 666860.558027, 796, 0, 796
12042: 3205.244134, 665672.582581, 781, 0, 781
12134: 2917.927306, 665821.871450, 708, 0, 708
11544: 2937.832073, 668152.219143, 721, 0, 721
11930: 3088.572162, 667251.925034, 755, 0, 755
12087: 3216.087486, 666556.533696, 792, 0, 792
11840: 2930.218617, 667505.334361, 704, 0, 704
11764: 3095.539375, 667895.267671, 746, 0, 746
12313: 2946.032413, 664213.120726, 724, 0, 724
11995: 3088.521326, 666963.328440, 760, 0, 760
11959: 3224.823606, 667466.820352, 786, 0, 786
11655: 3233.609929, 668269.174770, 787, 0, 787
11838: 3231.921587, 668136.010594, 790, 0, 790
12420: 3091.987881, 663529.885204, 760, 0, 760
12234: 3090.636385, 666861.393953, 748, 0, 748
12174: 3227.798817, 666746.513410, 793, 0, 793
11589: 2950.877223, 669325.685651, 723, 0, 723
12271: 3095.510312, 666582.966831, 758, 0, 758
11979: 3105.670845, 668329.955360, 760, 0, 760
12273: 3097.993139, 666776.219052, 753, 0, 753
12083: 3241.623622, 668503.027683, 788, 0, 788
11653: 3255.629995, 669902.195473, 791, 0, 791
12171: 3244.899098, 667969.636181, 796, 0, 796
12246: 2946.909615, 667576.182043, 722, 0, 722
12227: 3112.904493, 668559.718466, 765, 0, 765
11985: 3120.875542, 669438.799890, 759, 0, 759
11912: 3262.935263, 670298.029602, 792, 0, 792
12004: 3131.223980, 670211.985902, 763, 0, 763
11782: 2978.678070, 671466.825869, 730, 0, 730
12335: 3006.912551, 667606.648619, 737, 0, 737
11697: 3279.773958, 671768.494430, 793, 0, 793
11781: 2983.292263, 671838.082433, 725, 0, 725
12032: 3274.633137, 670543.339865, 793, 0, 793
11486: 3288.837941, 672035.764561, 818, 0, 818
11740: 3147.001178, 671803.409863, 758, 0, 758
11689: 3286.587806, 672241.874281, 802, 0, 802
11625: 3158.223676, 672420.997324, 775, 0, 775
12128: 2978.574873, 670676.280668, 724, 0, 724
12347: 3271.085050, 668470.205223, 803, 0, 803
12122: 2984.547556, 671126.580964, 720, 0, 720
12057: 2990.456007, 671974.752710, 723, 0, 723
12360: 3271.344323, 668905.278650, 795, 0, 795
11750: 3300.172585, 672721.925019, 805, 0, 805
11939: 3159.696458, 672556.287309, 759, 0, 759
12339: 3279.359513, 669030.068710, 807, 0, 807
11773: 3166.737804, 673171.527735, 780, 0, 780
11725: 3304.801948, 673034.808097, 804, 0, 804
12018: 3298.226643, 672152.721665, 814, 0, 814
12181: 3156.668812, 671596.784870, 779, 0, 779
12080: 3293.033577, 672170.966437, 798, 0, 798
12093: 3293.938518, 672266.506010, 807, 0, 807
12192: 3296.773479, 671600.803518, 797, 0, 797
12289: 3293.219606, 670724.271658, 805, 0, 805
11870: 3005.339798, 673420.826684, 731, 0, 731
11611: 3314.686663, 673965.100723, 820, 0, 820
11630: 3187.908811, 674394.733878, 780, 0, 780
12024: 3312.552426, 673062.835489, 809, 0, 809
12197: 3312.100143, 672568.679212, 814, 0, 814
12365: 3296.128051, 670580.684973, 804, 0, 804
12418: 3182.538574, 669746.417658, 778, 0, 778
12263: 3172.591944, 672038.418629, 768, 0, 768
11860: 3020.253758, 674493.799886, 740, 0, 740
11915: 3191.933528, 674680.808815, 772, 0, 772
11596: 3035.132523, 675789.056097, 735, 0, 735
11762: 3198.219151, 675243.433173, 775, 0, 775
11978: 3328.738850, 674849.930351, 810, 0, 810
11662: 3340.152304, 675785.090030, 817, 0, 817
11787: 3038.842138, 675943.149606, 732, 0, 732
11841: 3038.261065, 675797.315901, 737, 0, 737
12190: 3340.763175, 674248.563224, 821, 0, 821
11702: 3353.112316, 676666.700808, 827, 0, 827
11900: 3355.773433, 675949.684657, 812, 0, 812
11466: 3366.963432, 676882.404753, 817, 0, 817
11671: 3358.089534, 676927.177388, 809, 0, 809
12270: 3215.721549, 674780.690165, 779, 0, 779
11727: 3385.036061, 677781.430578, 833, 0, 833
11612: 3381.088175, 678174.393432, 832, 0, 832
11672: 3249.882112, 678659.232137, 791, 0, 791
11517: 3400.860413, 678605.954629, 836, 0, 836
11503: 3403.895382, 678771.663572, 848, 0, 848
11921: 3247.205591, 678137.448410, 796, 0, 796
12260: 3069.742223, 676436.530415, 742, 0, 742
12137: 3378.376428, 677140.885547, 821, 0, 821
12110: 3394.845066, 677868.636619, 836, 0, 836
12402: 3107.591903, 674367.067433, 756, 0, 756
11786: 3089.378983, 679335.835424, 750, 0, 750
12055: 3083.577803, 678441.234658, 758, 0, 758
11546: 3097.593758, 679883.723006, 759, 0, 759
11775: 3092.255752, 679488.790487, 749, 0, 749
12105: 3388.678663, 678194.589076, 835, 0, 835
12407: 3274.385947, 675084.027299, 806, 0, 806
11805: 3101.933902, 680103.975929, 760, 0, 760
12136: 3396.721755, 678193.808040, 836, 0, 836
12231: 3262.734700, 678343.164739, 801, 0, 801
12063: 3106.143002, 679754.351480, 753, 0, 753
11854: 3111.503225, 680450.554172, 764, 0, 764
12355: 3412.553208, 676827.865192, 829, 0, 829
12045: 3415.588241, 679670.181855, 838, 0, 838
12278: 3274.151268, 678283.419296, 810, 0, 810
12029: 3432.662244, 679865.492501, 838, 0, 838
11795: 3122.621763, 681225.782470, 760, 0, 760
11742: 3441.643369, 681004.224557, 835, 0, 835
12349: 3423.168604, 677401.738932, 832, 0, 832
11479: 3451.305481, 681661.464786, 853, 0, 853
11747: 3455.718522, 681754.045844, 842, 0, 842
11514: 3466.257642, 682276.914360, 840, 0, 840
12334: 3187.767760, 678325.288414, 786, 0, 786
12248: 3127.230285, 679627.756856, 764, 0, 764
12394: 3168.624804, 677753.868778, 763, 0, 763
11927: 3314.367929, 682105.674964, 815, 0, 815
11934: 3315.885692, 682195.761528, 802, 0, 802
11485: 3475.296523, 682880.669448, 855, 0, 855
11913: 3453.670677, 682107.000997, 838, 0, 838
11847: 3151.728696, 682638.712380, 770, 0, 770
12054: 3148.945114, 682072.077317, 766, 0, 766
11972: 3459.749080, 682459.038736, 835, 0, 835
11905: 3476.224602, 682540.154523, 847, 0, 847
12169: 3470.907680, 681363.088615, 865, 0, 865
11830: 3471.681551, 683251.981635, 848, 0, 848
12343: 3472.644443, 679800.068925, 847, 0, 847
12290: 3481.451594, 681099.911264, 842, 0, 842
11542: 3183.624723, 684586.298786, 773, 0, 773
12232: 3327.896364, 682091.618812, 801, 0, 801
11752: 3349.808788, 684232.536060, 811, 0, 811
11974: 3485.567237, 683793.322812, 849, 0, 849
11878: 3181.227187, 684164.201859, 771, 0, 771
12331: 3241.597717, 680872.017057, 803, 0, 803
11619: 3366.564498, 685044.939414, 819, 0, 819
12364: 3473.547635, 680770.254922, 844, 0, 844
12342: 3492.504561, 680768.679792, 860, 0, 860
12043: 3490.116251, 683615.186537, 847, 0, 847
11446: 3524.739414, 685164.712959, 867, 0, 867
11433: 3370.859094, 685322.954482, 821, 0, 821
11792: 3197.303686, 685163.762777, 780, 0, 780
12281: 3348.642212, 682341.301297, 817, 0, 817
12362: 3485.822767, 681338.557509, 849, 0, 849
12244: 3196.394572, 682881.958168, 774, 0, 774
12379: 3494.594887, 681784.752018, 857, 0, 857
12031: 3534.374057, 684802.943283, 872, 0, 872
11440: 3560.286148, 686377.032034, 868, 0, 868
11699: 3531.350273, 686381.055714, 857, 0, 857
12009: 3384.819864, 685213.467409, 830, 0, 830
11704: 3532.795257, 686438.918621, 861, 0, 861
12243: 3208.114545, 683802.369573, 779, 0, 779
12179: 3382.500786, 684586.476901, 824, 0, 824
11490: 3558.353027, 686681.630058, 871, 0, 871
12225: 3384.053323, 684703.430064, 826, 0, 826
11574: 3232.575046, 687051.814880, 793, 0, 793
11858: 3225.154683, 686304.917559, 786, 0, 786
11475: 3562.869092, 686865.297903, 871, 0, 871
12397: 3253.783227, 681936.712705, 796, 0, 796
11504: 3566.885364, 686900.284251, 874, 0, 874
12147: 3220.307369, 685117.546390, 789, 0, 789
11488: 3573.593420, 687290.369746, 879, 0, 879
12211: 3557.221203, 685222.627825, 868, 0, 868
12332: 3303.504007, 683517.412361, 803, 0, 803
11839: 3240.549236, 687041.611150, 787, 0, 787
11543: 3253.089850, 687936.179493, 791, 0, 791
11622: 3430.993429, 687923.236276, 840, 0, 840
12072: 3246.071011, 686806.138475, 788, 0, 788
11464: 3591.462241, 687926.373787, 882, 0, 882
11942: 3424.604749, 687378.858561, 838, 0, 838
12371: 3544.590675, 683967.319252, 868, 0, 868
12255: 3260.225136, 685417.692670, 800, 0, 800
11819: 3572.544066, 687916.305825, 873, 0, 873
11443: 3601.869190, 688307.601789, 899, 0, 899
11715: 3576.802339, 688366.191868, 870, 0, 870
11660: 3580.806681, 688439.884041, 870, 0, 870
12238: 3428.281994, 686595.303964, 826, 0, 826
11811: 3587.208154, 688432.369255, 874, 0, 874
11688: 3585.035236, 688638.809202, 880, 0, 880
12241: 3445.509642, 686933.828059, 829, 0, 829
12245: 3284.451560, 686273.688414, 797, 0, 797
12299: 3600.887421, 685967.643825, 873, 0, 873
12274: 3446.044942, 686131.920524, 838, 0, 838
12164: 3577.679710, 686943.404344, 872, 0, 872
12220: 3610.453741, 687073.429073, 884, 0, 884
11434: 3465.092753, 689380.821324, 852, 0, 852
12141: 3583.960614, 687153.845748, 885, 0, 885
12120: 3282.042199, 687660.609309, 796, 0, 796
12103: 3594.093791, 688085.013187, 885, 0, 885
12221: 3592.762193, 687459.695999, 883, 0, 883
11755: 3468.797485, 689376.432219, 846, 0, 846
11952: 3603.508153, 688819.339709, 873, 0, 873
11670: 3611.621910, 689577.148788, 878, 0, 878
12300: 3622.772743, 686674.007103, 895, 0, 895
11739: 3641.610157, 689396.557115, 891, 0, 891
12366: 3592.209838, 685683.991186, 872, 0, 872
11914: 3618.994482, 689285.084294, 880, 0, 880
12367: 3607.106033, 686144.603174, 877, 0, 877
11873: 3316.217703, 689941.583142, 814, 0, 814
12138: 3309.167651, 688632.654338, 811, 0, 811
11861: 3316.841591, 689957.074426, 808, 0, 808
11450: 3671.061081, 690586.335429, 906, 0, 906
11531: 3336.880311, 691084.792112, 812, 0, 812
11663: 3649.114361, 690731.422373, 899, 0, 899
11694: 3649.605013, 690770.029334, 890, 0, 890
12398: 3366.397826, 686044.620427, 820, 0, 820
12158: 3647.481138, 689069.701539, 891, 0, 891
12050: 3337.932254, 690094.885093, 808, 0, 808
11865: 3347.887609, 690905.530083, 828, 0, 828
11771: 3519.700659, 691193.435158, 861, 0, 861
11707: 3673.539025, 691454.230204, 891, 0, 891
11767: 3522.702942, 691298.585006, 860, 0, 860
11666: 3675.859775, 691468.936857, 902, 0, 902
11525: 3363.203197, 691862.981516, 820, 0, 820
11640: 3529.324024, 691632.537599, 856, 0, 856
11652: 3680.912677, 691600.034156, 898, 0, 898
11798: 3363.268280, 691625.176656, 821, 0, 821
12163: 3667.607431, 689670.018096, 891, 0, 891
12060: 3358.977179, 690689.380928, 817, 0, 817
11431: 3542.894331, 692102.739457, 866, 0, 866
11928: 3532.387319, 691281.823428, 867, 0, 867
11659: 3696.543228, 692024.138013, 898, 0, 898
11690: 3696.986265, 692047.805066, 903, 0, 903
12391: 3569.614336, 687025.612268, 865, 0, 865
11513: 3724.578785, 692186.101097, 920, 0, 920
11951: 3701.610634, 691585.324631, 908, 0, 908
11982: 3543.708981, 691130.708797, 856, 0, 856
11728: 3726.722195, 692059.681088, 912, 0, 912
12065: 3388.059915, 691372.448679, 829, 0, 829
11937: 3551.194869, 691840.419046, 862, 0, 862
11949: 3709.358623, 691757.629189, 903, 0, 903
11933: 3555.331650, 691948.520181, 867, 0, 867
11926: 3556.854983, 691987.233168, 866, 0, 866
12262: 3387.509131, 690026.251698, 823, 0, 823
11599: 3584.021285, 693031.317953, 881, 0, 881
12354: 3720.778501, 688667.361371, 925, 0, 925
11871: 3407.012720, 692414.521108, 834, 0, 834
11512: 3754.140330, 692944.469702, 925, 0, 925
11473: 3754.948781, 693029.526081, 923, 0, 923
11907: 3747.934729, 692260.220085, 922, 0, 922
12384: 3710.886479, 688879.898238, 906, 0, 906
11994: 3571.666658, 691846.697120, 874, 0, 874
12145: 3722.603553, 690995.037317, 903, 0, 903
11891: 3750.621030, 692309.860922, 925, 0, 925
11821: 3742.761849, 692828.640570, 917, 0, 917
11569: 3430.261907, 693545.902639, 829, 0, 829
12378: 3718.624012, 689040.393960, 907, 0, 907
11474: 3769.849937, 693306.972530, 932, 0, 932
11971: 3742.661949, 692519.657220, 902, 0, 902
12140: 3734.272436, 691231.862439, 910, 0, 910
11946: 3590.848212, 692812.669268, 878, 0, 878
12369: 3732.622625, 689299.292762, 924, 0, 924
11741: 3775.944509, 693110.033532, 939, 0, 939
12079: 3749.673524, 692102.270493, 924, 0, 924
12056: 3432.982569, 692439.837100, 833, 0, 833
12336: 3477.997025, 689602.819205, 853, 0, 853
12240: 3608.951055, 691574.856241, 887, 0, 887
11636: 3607.004181, 693670.412033, 886, 0, 886
11624: 3610.023293, 693724.511934, 864, 0, 864
11456: 3790.846276, 693677.798519, 939, 0, 939
11541: 3453.661482, 694035.545175, 849, 0, 849
11492: 3791.900932, 693699.659519, 934, 0, 934
12013: 3606.221360, 692459.669161, 880, 0, 880
11791: 3450.405599, 693686.127088, 833, 0, 833
11892: 3787.952565, 692964.952885, 919, 0, 919
11639: 3621.633344, 693924.171471, 893, 0, 893
12228: 3615.369986, 691883.744187, 884, 0, 884
12142: 3445.681608, 692076.151960, 836, 0, 836
11719: 3619.273536, 693700.060544, 877, 0, 877
11708: 3784.940644, 693875.237201, 923, 0, 923
11530: 3468.672744, 694285.423150, 848, 0, 848
11641: 3632.087573, 694085.218064, 884, 0, 884
12107: 3795.450986, 692615.376215, 923, 0, 923
12322: 3539.912353, 690085.650230, 875, 0, 875
11582: 3475.284986, 694408.415054, 850, 0, 850
11877: 3466.922620, 693593.899163, 851, 0, 851
11922: 3628.893511, 693430.692005, 883, 0, 883
11679: 3635.580605, 694181.110623, 885, 0, 885
12412: 3667.573933, 689002.069036, 900, 0, 900
12150: 3779.066800, 691984.690405, 932, 0, 932
11584: 3480.012326, 694472.025007, 855, 0, 855
11586: 3481.865315, 694489.952230, 846, 0, 846
12317: 3547.651253, 690189.829109, 876, 0, 876
12124: 3788.211304, 692090.502898, 920, 0, 920
12070: 3482.228408, 693125.833933, 853, 0, 853
12380: 3782.745030, 690076.172013, 923, 0, 923
11698: 3812.764001, 694242.925655, 939, 0, 939
11700: 3813.199083, 694244.710848, 937, 0, 937
12106: 3804.227900, 692918.612926, 939, 0, 939
12073: 3493.566245, 693234.685951, 858, 0, 858
12276: 3675.152283, 691574.180503, 897, 0, 897
11570: 3516.759114, 694875.151120, 856, 0, 856
11721: 3684.250502, 694453.879442, 894, 0, 894
12001: 3688.468893, 693437.922750, 899, 0, 899
12415: 3727.906714, 689629.538807, 924, 0, 924
12146: 3542.631639, 693047.465671, 869, 0, 869
12233: 3715.190442, 692924.335369, 904, 0, 904
11940: 3706.907159, 694268.374879, 909, 0, 909
12132: 3550.390722, 693111.454038, 880, 0, 880
12224: 3718.548939, 692940.648181, 913, 0, 913
11602: 3740.514174, 695206.638797, 917, 0, 917
12265: 3751.157132, 692182.507605, 925, 0, 925
12400: 3632.054174, 690242.246994, 878, 0, 878
11606: 3761.741051, 695353.872856, 919, 0, 919
11768: 3750.218532, 694971.044238, 919, 0, 919
12003: 3744.225932, 693953.538975, 924, 0, 924
11634: 3770.432726, 695351.112369, 923, 0, 923
11737: 3769.186993, 695072.501053, 919, 0, 919
11501: 3606.148519, 695685.001072, 886, 0, 886
12008: 3776.690746, 694073.042095, 928, 0, 928
11738: 3778.959354, 695130.755303, 922, 0, 922
11603: 3800.264289, 695526.887115, 927, 0, 927
11772: 3789.665337, 695139.141427, 937, 0, 937
12186: 3779.424258, 693406.852381, 935, 0, 935
11423: 3807.908184, 695540.066500, 925, 0, 925
12252: 3635.444322, 692634.772324, 899, 0, 899
11983: 3801.865325, 694152.432725, 935, 0, 935
11851: 3659.031077, 694975.377765, 894, 0, 894
11800: 3665.809076, 695395.456427, 890, 0, 890
12253: 3731.539429, 692722.662055, 929, 0, 929
11799: 3720.531925, 695447.372267, 919, 0, 919
11784: 3673.672511, 695594.534560, 890, 0, 890
11579: 3698.121039, 696013.628272, 903, 0, 903
12258: 3714.837339, 692926.944075, 906, 0, 906
11529: 3704.520239, 696045.315495, 901, 0, 901
12257: 3750.891270, 692906.758891, 905, 0, 905
12256: 3799.643968, 692858.486783, 933, 0, 933
11846: 3788.736488, 695165.397472, 913, 0, 913
11593: 3759.588603, 696035.643199, 909, 0, 909
12316: 3797.568919, 691753.962100, 928, 0, 928
11581: 3771.430392, 696040.282039, 911, 0, 911
11538: 3738.511707, 696078.829917, 907, 0, 907
12071: 3765.061018, 694646.730505, 906, 0, 906
12049: 3816.044570, 694604.315817, 904, 0, 904
11801: 3825.098386, 695654.812435, 902, 0, 902
