10137: 1903.477429, 42872.724635, 470, 0, 470
10136: 2036.653294, 45612.127938, 528, 0, 528
10093: 1946.440860, 46595.446303, 479, 0, 479
10096: 1966.310239, 47055.305519, 483, 0, 483
10094: 1984.768757, 47457.013027, 495, 0, 495
10079: 1978.252408, 47551.959774, 479, 0, 479
10074: 2137.753981, 47596.779993, 530, 0, 530
10108: 2159.800429, 48221.565549, 542, 0, 542
10095: 2031.466519, 48446.472939, 501, 0, 501
10121: 2035.067174, 49002.248818, 495, 0, 495
10055: 1920.009894, 49567.453618, 472, 0, 472
10071: 2218.859546, 49339.739952, 557, 0, 557
10089: 2091.736771, 49646.259395, 518, 0, 518
10077: 2271.195175, 50407.533669, 567, 0, 567
10049: 1994.651877, 51217.127986, 484, 0, 484
10106: 2311.040562, 51291.217136, 565, 0, 565
10112: 2159.770251, 51745.974293, 526, 0, 526
10053: 2032.420549, 52003.250714, 494, 0, 494
10110: 2374.451128, 52427.650502, 605, 0, 605
10125: 2210.227582, 52798.673364, 536, 0, 536
10073: 2394.592844, 52660.183045, 604, 0, 604
10118: 2225.993010, 53111.846592, 535, 0, 535
10056: 2154.546660, 54452.799640, 525, 0, 525
10075: 2492.967362, 54242.262901, 619, 0, 619
10114: 2302.084729, 54563.624252, 558, 0, 558
10046: 2172.293127, 54787.701867, 525, 0, 525
10104: 2528.921904, 54881.170095, 656, 0, 656
10131: 2342.753852, 55294.617404, 574, 0, 574
10109: 2272.796944, 55632.593773, 556, 0, 556
10139: 2550.448992, 55356.466683, 627, 0, 627
10048: 2223.686967, 55703.972702, 539, 0, 539
10119: 2366.999297, 55706.112092, 587, 0, 587
10102: 2455.475783, 56250.209696, 604, 0, 604
10105: 2643.109760, 56498.885355, 665, 0, 665
10133: 2439.151801, 56865.508313, 600, 0, 600
10061: 2303.636677, 57076.972634, 567, 0, 567
10092: 2493.821679, 57044.622317, 624, 0, 624
10085: 2520.204739, 57445.986378, 612, 0, 612
10051: 2379.687482, 58127.674018, 586, 0, 586
10086: 2568.093080, 58118.191836, 631, 0, 631
10129: 2540.955019, 58391.842817, 616, 0, 616
10064: 2431.295631, 58975.798116, 590, 0, 590
10134: 2580.858373, 58947.832436, 633, 0, 633
10083: 2630.143483, 58916.674877, 649, 0, 649
10116: 2587.892869, 59029.616718, 635, 0, 635
10135: 2621.989920, 59446.679887, 641, 0, 641
10103: 2553.086631, 59660.592327, 626, 0, 626
10087: 2700.266058, 59765.891356, 664, 0, 664
10069: 2870.544079, 59692.356232, 709, 0, 709
10063: 2534.307908, 60141.620142, 614, 0, 614
10101: 2746.182689, 60507.578929, 688, 0, 688
10050: 2579.245840, 60680.258440, 633, 0, 633
10127: 2743.750771, 60781.311306, 681, 0, 681
10084: 2853.509455, 61453.189294, 707, 0, 707
10067: 2738.663632, 61788.297902, 671, 0, 671
10076: 3030.953945, 61507.979968, 763, 0, 763
10140: 2858.468972, 61790.381185, 735, 0, 735
10044: 2816.501642, 63087.821207, 689, 0, 689
10060: 2883.339631, 63776.306206, 700, 0, 700
10124: 3032.515910, 63673.113565, 745, 0, 745
10045: 2896.454659, 63883.846817, 710, 0, 710
10113: 3268.779359, 63612.691439, 845, 0, 845
10120: 3062.646156, 63951.615179, 752, 0, 752
10088: 3118.798183, 64088.206666, 766, 0, 766
10068: 3305.190089, 63918.253389, 826, 0, 826
10090: 3145.528339, 64297.141489, 783, 0, 783
10130: 3116.768090, 64384.778449, 765, 0, 765
10081: 3203.191052, 64663.302880, 787, 0, 787
10128: 3164.768204, 64720.800708, 775, 0, 775
10070: 3401.785499, 64597.494770, 853, 0, 853
10141: 3387.863463, 64672.916905, 840, 0, 840
10042: 3052.790185, 65047.584342, 765, 0, 765
10080: 3294.694949, 65220.989874, 818, 0, 818
10047: 3109.264747, 65426.633812, 761, 0, 761
10043: 3265.921164, 65301.880915, 803, 0, 803
10100: 3294.988913, 65314.899009, 812, 0, 812
10057: 3149.215783, 65630.386870, 775, 0, 775
10054: 3160.629092, 65675.072637, 772, 0, 772
10122: 3311.651164, 65553.601114, 816, 0, 816
10123: 3314.586233, 65570.881314, 807, 0, 807
10078: 3756.169082, 65146.656044, 994, 0, 994
10072: 3565.731591, 65469.387564, 889, 0, 889
10138: 3587.520466, 65585.255875, 885, 0, 885
10091: 3490.675933, 65995.472745, 846, 0, 846
10098: 3513.282452, 66160.701959, 855, 0, 855
10107: 3732.662539, 66021.555420, 938, 0, 938
10111: 3572.015146, 66193.599982, 879, 0, 879
10066: 3425.634729, 66457.490437, 817, 0, 817
10058: 3408.110688, 66483.691848, 822, 0, 822
10126: 3565.035996, 66328.426734, 853, 0, 853
10052: 3418.634871, 66508.881737, 818, 0, 818
10117: 3582.644631, 66342.965797, 850, 0, 850
10115: 3582.681651, 66346.831050, 852, 0, 852
10132: 3593.618243, 66356.184135, 863, 0, 863
10059: 3467.432089, 66508.244185, 821, 0, 821
10099: 3731.511410, 66330.539287, 870, 0, 870
10082: 3732.646156, 66369.943653, 905, 0, 905
10097: 3756.192049, 66369.939353, 896, 0, 896
10062: 3607.915985, 66523.316923, 824, 0, 824
10065: 3698.709634, 66509.032580, 836, 0, 836
