9951: 2002.903513, 44940.049219, 518, 0, 518
9999: 1894.866066, 45885.977649, 485, 0, 485
9968: 1897.109467, 45897.890901, 490, 0, 490
9956: 1954.971925, 46648.128603, 512, 0, 512
10020: 2075.457229, 46701.243970, 523, 0, 523
9949: 2101.872814, 47045.241817, 536, 0, 536
9974: 1969.640627, 47516.531416, 496, 0, 496
9979: 1999.095791, 48146.818732, 517, 0, 517
10000: 2007.059144, 48462.249091, 518, 0, 518
10014: 2193.207799, 49307.278555, 566, 0, 566
9933: 1937.262947, 49594.552236, 482, 0, 482
9925: 1948.874292, 49715.312935, 493, 0, 493
9990: 2071.094052, 49855.021474, 543, 0, 543
9982: 2313.692611, 49936.739450, 585, 0, 585
9977: 2103.076750, 50219.015353, 540, 0, 540
9998: 2107.489253, 50589.862412, 542, 0, 542
9945: 2019.154446, 51188.222641, 515, 0, 515
10012: 2157.370308, 51643.258253, 563, 0, 563
10016: 2313.477618, 51710.851106, 592, 0, 592
9924: 2057.144547, 51987.622765, 518, 0, 518
9972: 2207.085140, 52195.329215, 554, 0, 554
10008: 2190.094304, 52262.621407, 571, 0, 571
9939: 2110.233510, 53185.603225, 535, 0, 535
9989: 2266.410180, 53299.157664, 583, 0, 583
9997: 2264.704422, 53600.558331, 585, 0, 585
9969: 2188.036229, 54622.476059, 564, 0, 564
9922: 2343.561292, 54553.343723, 614, 0, 614
9931: 2192.266994, 54739.813805, 551, 0, 551
9934: 2216.364089, 55148.031562, 570, 0, 570
9928: 2249.405290, 55679.014047, 587, 0, 587
10013: 2525.280625, 55527.544978, 650, 0, 650
9959: 2413.143773, 55774.053116, 627, 0, 627
9954: 2452.224763, 56239.376378, 627, 0, 627
9929: 2329.459410, 56875.172167, 606, 0, 606
9991: 2464.472439, 56829.066195, 640, 0, 640
9971: 2515.364460, 57435.471998, 641, 0, 641
10001: 2524.324396, 57669.153977, 650, 0, 650
9964: 2544.429265, 57858.429827, 669, 0, 669
9984: 2657.278554, 57877.099786, 684, 0, 684
9963: 2555.070146, 58007.938136, 664, 0, 664
9993: 2558.562664, 58175.363343, 670, 0, 670
9923: 2598.569229, 58250.302580, 683, 0, 683
9970: 2644.930115, 59105.729153, 682, 0, 682
9932: 2509.706269, 59407.002242, 652, 0, 652
9973: 2668.265753, 59370.412411, 696, 0, 696
9944: 2520.237168, 59548.902184, 660, 0, 660
10010: 2670.161123, 59702.927984, 689, 0, 689
10004: 2673.448125, 59748.061011, 689, 0, 689
9955: 2880.242013, 59571.239712, 727, 0, 727
9988: 2568.369959, 60145.812005, 675, 0, 675
10005: 2698.399131, 60026.834599, 696, 0, 696
9942: 2648.478821, 61007.717242, 676, 0, 676
9950: 2931.704664, 61039.723775, 758, 0, 758
9961: 2836.152710, 61426.767160, 742, 0, 742
9930: 2723.459142, 61740.837926, 703, 0, 703
9985: 2973.687009, 61696.233942, 763, 0, 763
9946: 3018.972705, 61909.053315, 785, 0, 785
10015: 3008.280108, 61917.455833, 767, 0, 767
10021: 2997.310318, 62075.181331, 756, 0, 756
9994: 2919.556911, 62383.684005, 742, 0, 742
10011: 2959.282030, 62737.697288, 767, 0, 767
9952: 3117.479805, 62698.328286, 793, 0, 793
9941: 2873.695578, 63114.381663, 741, 0, 741
9986: 2907.967667, 63478.256559, 751, 0, 751
9987: 2869.837252, 63576.100431, 742, 0, 742
9947: 3194.658821, 63329.107883, 838, 0, 838
9953: 3201.796612, 63377.690980, 829, 0, 829
9965: 3054.356460, 63536.586948, 794, 0, 794
10009: 3075.288232, 63669.725900, 787, 0, 787
9966: 3091.177102, 63756.553638, 794, 0, 794
9943: 2976.245468, 63935.466843, 763, 0, 763
9926: 3017.038069, 64135.470752, 771, 0, 771
9975: 3137.050899, 64029.591094, 801, 0, 801
9948: 3312.813841, 64047.216473, 857, 0, 857
9960: 3195.793470, 64368.526791, 826, 0, 826
9962: 3213.002783, 64450.154851, 837, 0, 837
9980: 3210.190780, 64464.436470, 833, 0, 833
10018: 3377.424405, 64415.555086, 900, 0, 900
9957: 3193.765990, 65045.717717, 825, 0, 825
9927: 3219.266305, 65169.356833, 817, 0, 817
10019: 3506.237802, 64886.982923, 883, 0, 883
9983: 3531.378179, 64975.817690, 903, 0, 903
9958: 3364.754686, 65146.974530, 874, 0, 874
10003: 3365.172457, 65163.954446, 863, 0, 863
9935: 3298.222919, 65445.819680, 828, 0, 828
9995: 3411.894631, 65357.641751, 872, 0, 872
9996: 3425.368880, 65380.679708, 873, 0, 873
10007: 3414.285983, 65415.162704, 854, 0, 854
9937: 3335.601946, 65517.203676, 845, 0, 845
9936: 3362.065694, 65518.460094, 864, 0, 864
9992: 3466.438981, 65420.075260, 873, 0, 873
9981: 3557.022031, 65337.561886, 913, 0, 913
10017: 3661.100004, 65236.026442, 928, 0, 928
9967: 3473.680401, 65441.595535, 896, 0, 896
10006: 3545.784496, 65423.265115, 898, 0, 898
9976: 3647.840731, 65442.779928, 896, 0, 896
10002: 3640.042938, 65486.122887, 872, 0, 872
9940: 3581.836420, 65625.972465, 866, 0, 866
9978: 3783.751389, 65430.736664, 901, 0, 901
9938: 3560.592500, 65667.258140, 865, 0, 865
