12672: 1925.092535, 446904.576307, 472, 0, 472
13083: 1919.576538, 446820.783386, 462, 0, 462
13099: 1922.271917, 447541.557818, 472, 0, 472
12637: 1932.911929, 448733.511122, 470, 0, 470
12965: 1948.992971, 453180.123979, 473, 0, 473
12636: 1959.333717, 454739.211173, 481, 0, 481
12694: 1966.270256, 456298.348665, 484, 0, 484
13460: 1943.560182, 454020.834129, 467, 0, 467
12666: 1974.104057, 458051.489167, 487, 0, 487
13078: 1969.163587, 458152.009702, 484, 0, 484
13355: 1965.978311, 458055.194005, 477, 0, 477
13201: 1989.162828, 462923.560940, 481, 0, 481
13210: 1990.260577, 463154.081805, 479, 0, 479
12964: 2006.342650, 465971.090460, 488, 0, 488
12686: 2024.422588, 469216.530332, 491, 0, 491
12529: 1905.015558, 471045.428839, 468, 0, 468
13199: 2021.829382, 470095.670129, 498, 0, 498
12544: 2034.549754, 471811.439306, 499, 0, 499
12972: 2033.020460, 471976.155318, 495, 0, 495
12914: 1913.203923, 473973.829428, 471, 0, 471
12872: 2045.874210, 474906.629682, 507, 0, 507
13162: 1913.630482, 475212.956228, 463, 0, 463
12539: 1934.206952, 478199.649588, 473, 0, 473
12671: 2064.068998, 478430.704427, 510, 0, 510
12871: 2063.005610, 478957.724535, 505, 0, 505
12949: 1925.838223, 479384.046225, 475, 0, 475
12828: 1939.705253, 480026.225496, 475, 0, 475
13046: 1927.559599, 479894.872869, 469, 0, 469
13029: 1938.213842, 480701.254315, 470, 0, 470
12909: 1945.746474, 481901.345265, 473, 0, 473
13054: 1934.521585, 481963.650078, 480, 0, 480
12980: 2081.189933, 483387.829455, 506, 0, 506
13216: 2076.791743, 483096.175008, 502, 0, 502
12841: 1950.808389, 485298.438593, 477, 0, 477
12530: 1964.492778, 485506.379924, 479, 0, 479
12966: 2089.338653, 485192.703804, 509, 0, 509
13179: 1946.483368, 485275.548288, 480, 0, 480
13474: 1937.484638, 483603.152992, 473, 0, 473
12911: 1970.706742, 487945.076172, 482, 0, 482
12808: 1972.784750, 487873.528470, 482, 0, 482
13453: 1948.986731, 484124.619739, 474, 0, 474
12942: 1959.648816, 487674.880750, 485, 0, 485
12746: 1968.312061, 489160.539793, 487, 0, 487
12863: 2107.870195, 489476.977139, 512, 0, 512
12669: 2119.629055, 491482.732430, 515, 0, 515
12824: 1989.960863, 492048.118953, 489, 0, 489
12806: 1991.035504, 492191.887655, 488, 0, 488
12771: 1982.004458, 492273.850557, 484, 0, 484
13056: 1975.942389, 492067.364694, 492, 0, 492
12840: 1986.268820, 493951.223375, 485, 0, 485
13170: 1975.801878, 492374.536420, 487, 0, 487
13476: 1965.956803, 490494.673093, 475, 0, 475
12676: 2133.092606, 494612.925171, 511, 0, 511
13268: 1993.605145, 494721.389769, 490, 0, 490
13296: 1998.211859, 495778.930565, 492, 0, 492
13280: 1999.192657, 496005.961865, 490, 0, 490
13313: 1999.028391, 496029.355465, 494, 0, 494
12842: 2008.332439, 499113.637178, 486, 0, 486
13358: 2131.449531, 496110.603437, 522, 0, 522
12787: 2014.648170, 500145.256043, 494, 0, 494
13091: 2143.844567, 498233.739921, 521, 0, 521
13103: 2144.899496, 498576.291027, 522, 0, 522
12516: 2032.154381, 501419.301969, 496, 0, 496
12790: 2025.659730, 502749.574714, 494, 0, 494
12722: 1911.849661, 503309.222240, 458, 0, 458
12754: 2031.808793, 504388.064000, 502, 0, 502
12561: 1917.106532, 504621.182626, 468, 0, 468
13165: 2033.379217, 503555.612017, 500, 0, 500
13067: 2029.275493, 504553.076954, 493, 0, 493
13119: 1911.890028, 504776.991560, 462, 0, 462
13155: 2036.351425, 504271.027740, 497, 0, 497
13181: 2031.471213, 505387.871453, 496, 0, 496
12689: 2187.924995, 507074.901267, 535, 0, 535
12776: 2046.147493, 507366.054170, 495, 0, 495
12867: 2187.016253, 507614.851500, 524, 0, 524
12876: 2191.716446, 508705.357629, 534, 0, 534
13186: 2039.725400, 507283.468482, 505, 0, 505
13463: 2165.509534, 504848.147071, 524, 0, 524
12545: 2195.480377, 509131.466001, 530, 0, 530
12820: 2066.433959, 509712.235259, 511, 0, 511
13231: 1926.560257, 508490.534393, 467, 0, 467
13466: 2173.351453, 506624.231747, 525, 0, 525
13134: 1933.818754, 510123.198867, 476, 0, 476
12973: 2204.948553, 511692.771931, 534, 0, 534
12512: 2083.057851, 513093.727179, 513, 0, 513
12755: 2069.899663, 513166.455957, 504, 0, 504
12907: 2079.093058, 513049.023733, 505, 0, 505
13120: 1944.804030, 512644.112858, 475, 0, 475
12577: 1957.619640, 513768.508174, 474, 0, 474
13444: 2059.675058, 509742.416456, 507, 0, 507
13223: 2204.835029, 512360.721871, 538, 0, 538
13079: 2210.962268, 513351.457147, 536, 0, 536
13500: 2190.901202, 510268.976556, 529, 0, 529
12696: 2224.301992, 515190.081161, 546, 0, 546
13324: 2062.754990, 512669.526189, 510, 0, 510
13376: 1941.994816, 512550.159702, 475, 0, 475
12743: 2090.430039, 517540.814384, 512, 0, 512
12572: 1975.444230, 518466.323816, 479, 0, 479
13475: 2069.702897, 514455.475797, 508, 0, 508
13025: 2101.107840, 518498.823106, 519, 0, 519
13104: 2235.343027, 518686.318069, 548, 0, 548
12901: 2112.446189, 520521.555245, 518, 0, 518
12517: 2119.994157, 521395.825307, 523, 0, 523
12988: 1985.184260, 521421.342532, 481, 0, 481
12700: 2122.295795, 521835.610567, 525, 0, 525
13465: 2226.600124, 518194.863061, 545, 0, 545
13462: 2228.795207, 518692.608551, 546, 0, 546
12635: 2259.809533, 522840.609543, 553, 0, 553
13361: 2244.241791, 520769.794251, 554, 0, 554
12670: 2268.378947, 524615.731170, 548, 0, 548
13494: 2098.039920, 520555.286734, 524, 0, 524
12555: 2012.749541, 526433.898522, 490, 0, 490
12618: 2011.101032, 526513.658028, 488, 0, 488
13291: 2126.386240, 524775.335209, 528, 0, 528
12906: 2141.126716, 526819.206522, 524, 0, 524
13066: 2125.104418, 526290.539864, 516, 0, 516
12693: 2282.091525, 527504.666392, 558, 0, 558
13215: 2266.649790, 525539.644204, 554, 0, 554
13337: 2114.661066, 524324.763782, 517, 0, 517
13117: 2009.671305, 527692.147655, 487, 0, 487
12563: 2021.467214, 528992.954944, 486, 0, 486
13359: 2266.109172, 525680.466623, 556, 0, 556
13489: 2114.026842, 524410.972405, 516, 0, 516
12791: 2144.969543, 529775.235539, 529, 0, 529
13458: 2262.748649, 525727.315787, 551, 0, 551
13273: 2144.392879, 528711.376837, 530, 0, 530
12770: 2154.141356, 531658.535215, 522, 0, 522
13204: 2288.925954, 530146.405860, 561, 0, 561
13050: 2149.505420, 531690.138607, 525, 0, 525
13270: 2154.144615, 530765.784970, 526, 0, 526
13188: 2149.650849, 531957.545865, 528, 0, 528
13094: 2301.683917, 532520.941102, 564, 0, 564
13482: 2141.195396, 530348.034492, 522, 0, 522
13090: 2305.323173, 533276.965974, 559, 0, 559
12903: 2174.189322, 534014.337205, 527, 0, 527
13394: 2021.585590, 530902.254635, 496, 0, 496
12677: 2318.497189, 534992.384427, 559, 0, 559
13367: 2295.451402, 531970.703559, 558, 0, 558
13068: 2167.208894, 535476.052112, 530, 0, 530
12912: 2183.806733, 536092.817577, 525, 0, 525
12934: 2172.546514, 536371.220861, 534, 0, 534
12928: 2173.240410, 536474.737035, 524, 0, 524
12957: 2322.755883, 536488.380990, 566, 0, 566
13411: 2031.949497, 533251.488215, 498, 0, 498
12812: 2191.161147, 537229.374832, 537, 0, 537
13430: 2050.684084, 533500.528366, 498, 0, 498
12868: 2326.914729, 537323.106715, 566, 0, 566
13346: 2309.700212, 534413.436541, 557, 0, 557
12688: 2333.683329, 538053.419330, 570, 0, 570
13229: 2320.069280, 536573.837500, 564, 0, 564
12774: 2181.220776, 537547.711371, 533, 0, 533
13016: 2058.798496, 538454.703958, 502, 0, 502
13438: 2172.500738, 534546.080905, 529, 0, 529
12990: 2060.581810, 538683.209205, 503, 0, 503
13479: 2163.871584, 535221.800908, 532, 0, 532
13433: 2060.424654, 535390.587502, 491, 0, 491
12750: 2193.292637, 540324.811067, 538, 0, 538
12835: 2194.069748, 540712.914288, 533, 0, 533
13096: 2337.978045, 539744.810334, 565, 0, 565
13331: 2181.145123, 538195.839804, 537, 0, 537
12792: 2199.712167, 541556.705098, 532, 0, 532
13043: 2195.433703, 540944.524486, 531, 0, 531
12941: 2202.826682, 542672.914226, 533, 0, 533
13354: 2340.012623, 540395.721367, 569, 0, 569
13132: 2077.434101, 543132.039798, 498, 0, 498
13428: 2084.801187, 540106.592295, 501, 0, 501
12709: 2088.643184, 544153.968991, 513, 0, 513
13095: 2356.029254, 543235.354704, 574, 0, 574
12855: 2212.607164, 544662.271158, 549, 0, 549
13481: 2191.588021, 540954.412190, 535, 0, 535
12908: 2227.366823, 545290.007790, 545, 0, 545
12749: 2225.364464, 546832.994411, 549, 0, 549
13267: 2223.041086, 545425.030538, 545, 0, 545
12929: 2229.885873, 548126.898761, 554, 0, 554
12585: 2113.374915, 549820.926179, 513, 0, 513
13495: 2214.275822, 545126.872796, 549, 0, 549
13279: 2235.112527, 547964.949494, 548, 0, 548
12549: 2397.847596, 550630.036751, 594, 0, 594
13410: 2093.572888, 547014.291496, 508, 0, 508
12702: 2261.458704, 551741.073914, 547, 0, 547
12958: 2400.607105, 551407.439796, 587, 0, 587
12865: 2404.144264, 552078.120154, 594, 0, 594
13380: 2100.763426, 548564.818566, 508, 0, 508
13125: 2115.787347, 551593.934153, 522, 0, 522
12515: 2270.382106, 553598.372703, 549, 0, 549
13407: 2110.560139, 550701.613553, 517, 0, 517
12852: 2262.664970, 554688.587609, 553, 0, 553
12710: 2138.089068, 555112.701519, 524, 0, 524
12706: 2139.399077, 555343.289752, 521, 0, 521
13205: 2411.069003, 553794.254370, 587, 0, 587
12721: 2142.868003, 556124.411081, 517, 0, 517
13153: 2266.941110, 554361.620991, 551, 0, 551
12832: 2270.282507, 556059.297270, 562, 0, 562
12805: 2281.703925, 556251.042599, 556, 0, 556
13286: 2265.229386, 554261.244482, 558, 0, 558
12551: 2431.205305, 556904.964487, 596, 0, 596
13010: 2141.528416, 556708.612672, 520, 0, 520
13319: 2267.805323, 554877.934979, 547, 0, 547
12915: 2282.910061, 556925.756272, 560, 0, 560
13492: 2253.699179, 552968.061099, 553, 0, 553
12699: 2440.032793, 558255.375131, 591, 0, 591
12970: 2437.120751, 558238.066217, 607, 0, 607
13314: 2275.489774, 556382.309333, 570, 0, 570
12810: 2298.778711, 559765.289682, 557, 0, 557
13250: 2146.046806, 558352.280026, 520, 0, 520
12983: 2444.642430, 559678.101103, 592, 0, 592
12800: 2289.770512, 559483.158592, 559, 0, 559
13390: 2135.421259, 556061.203179, 520, 0, 520
12886: 2297.861456, 559972.559017, 565, 0, 565
13373: 2145.617964, 558207.862790, 531, 0, 531
13254: 2157.683153, 560804.273435, 524, 0, 524
13499: 2428.555610, 557344.862370, 593, 0, 593
12998: 2170.924692, 562855.416359, 526, 0, 526
13139: 2303.195601, 561685.872672, 559, 0, 559
12753: 2311.333116, 563974.579226, 565, 0, 565
13451: 2295.133534, 559984.662773, 560, 0, 560
12692: 2470.989660, 563876.719182, 603, 0, 603
13232: 2168.483308, 562913.936389, 520, 0, 520
12795: 2317.235852, 564647.371600, 566, 0, 566
12602: 2184.830915, 564925.522625, 524, 0, 524
13214: 2460.994517, 562942.466270, 599, 0, 599
12608: 2188.685563, 565705.142779, 534, 0, 534
12883: 2326.788019, 565663.401936, 565, 0, 565
13040: 2321.367450, 564947.817293, 576, 0, 576
12807: 2330.655063, 566038.028065, 579, 0, 579
13187: 2313.741950, 565026.498885, 582, 0, 582
12639: 2481.475136, 565739.487282, 607, 0, 607
12726: 2335.185890, 566803.540167, 567, 0, 567
13490: 2300.047248, 561985.788701, 566, 0, 566
12528: 2342.572383, 568030.542325, 571, 0, 571
13221: 2479.527308, 566251.233383, 593, 0, 593
12705: 2201.057952, 568254.347400, 530, 0, 530
13031: 2334.522661, 567519.105075, 567, 0, 567
12652: 2501.027540, 569216.020637, 603, 0, 603
12979: 2496.264534, 568902.809433, 615, 0, 615
13038: 2343.825626, 569301.491375, 575, 0, 575
13213: 2492.765231, 568558.607125, 615, 0, 615
12976: 2502.874023, 570060.516506, 609, 0, 609
12788: 2356.306142, 572377.462974, 581, 0, 581
13440: 2340.675044, 568706.940689, 580, 0, 580
12778: 2358.297429, 572715.553527, 579, 0, 579
12679: 2526.662213, 573673.238730, 620, 0, 620
13431: 2247.856898, 569944.725398, 544, 0, 544
13053: 2355.454486, 572857.281181, 576, 0, 576
12936: 2359.580049, 573450.226275, 584, 0, 584
13089: 2521.020809, 573330.415514, 617, 0, 617
12763: 2368.861727, 574625.118659, 577, 0, 577
13383: 2212.413026, 571872.889027, 535, 0, 535
12598: 2238.853609, 575951.606071, 544, 0, 544
13060: 2365.604009, 574763.203977, 586, 0, 586
13274: 2364.676335, 573604.158211, 578, 0, 578
12968: 2535.862932, 575699.659254, 625, 0, 625
13240: 2228.675804, 575238.008066, 543, 0, 543
13316: 2368.095021, 574314.284418, 583, 0, 583
13233: 2230.851330, 575640.285967, 543, 0, 543
12638: 2551.700595, 577925.520970, 625, 0, 625
12881: 2389.180761, 577493.337436, 588, 0, 588
13070: 2383.320685, 578088.837729, 582, 0, 582
13007: 2250.650202, 579196.160779, 544, 0, 544
13027: 2395.113780, 578982.503597, 582, 0, 582
12869: 2559.957292, 579891.233292, 628, 0, 628
13076: 2554.025337, 578970.007285, 622, 0, 622
13345: 2545.155964, 577347.349174, 618, 0, 618
12880: 2406.441283, 580772.176755, 590, 0, 590
13008: 2257.214252, 580510.250319, 546, 0, 546
12714: 2263.521444, 581019.863059, 549, 0, 549
13059: 2394.771611, 580153.996590, 591, 0, 591
13190: 2391.039609, 579613.213150, 591, 0, 591
12809: 2411.208775, 581326.841434, 587, 0, 587
12848: 2403.442449, 581580.254724, 588, 0, 588
13281: 2395.240580, 579316.003151, 585, 0, 585
13450: 2389.525054, 577893.764120, 587, 0, 587
13340: 2388.933359, 579003.875717, 583, 0, 583
12584: 2270.699910, 582496.573050, 554, 0, 554
13140: 2404.613561, 580741.130788, 585, 0, 585
12939: 2406.778259, 582165.780359, 591, 0, 591
12703: 2273.362939, 582850.319388, 544, 0, 544
13255: 2261.410205, 581848.958850, 540, 0, 540
12621: 2279.199883, 583622.606920, 558, 0, 558
12977: 2574.475417, 582209.351870, 637, 0, 637
12707: 2271.681455, 582544.020252, 554, 0, 554
12846: 2415.179969, 583672.727819, 593, 0, 593
13225: 2571.262148, 581908.193601, 628, 0, 628
13000: 2273.304474, 583574.460408, 552, 0, 552
12735: 2419.173140, 584042.350353, 598, 0, 598
13275: 2410.270476, 582010.481007, 580, 0, 580
12860: 2421.546694, 584898.112597, 593, 0, 593
13173: 2411.359943, 583233.684683, 585, 0, 585
12866: 2594.942256, 585620.276221, 638, 0, 638
12987: 2284.157467, 585559.106623, 563, 0, 563
12953: 2425.281588, 585443.146233, 591, 0, 591
12997: 2285.046511, 585814.274173, 556, 0, 556
12884: 2441.455924, 587069.367236, 593, 0, 593
12913: 2440.025315, 586757.866699, 597, 0, 597
13456: 2421.296598, 583262.457217, 595, 0, 595
13131: 2286.200611, 586440.777003, 551, 0, 551
12552: 2609.025128, 587643.740856, 631, 0, 631
13045: 2436.003634, 587441.088267, 603, 0, 603
12814: 2454.512857, 589090.203241, 599, 0, 599
13142: 2444.205314, 587965.889587, 594, 0, 594
12543: 2632.460067, 591408.390004, 654, 0, 654
12938: 2461.087728, 591651.759929, 604, 0, 604
13478: 2441.714222, 588225.500887, 601, 0, 601
13335: 2454.265776, 590411.012319, 605, 0, 605
12521: 2486.859513, 594430.796086, 609, 0, 609
13084: 2638.718809, 592678.444088, 653, 0, 653
12963: 2643.113831, 593265.096592, 653, 0, 653
13135: 2325.672446, 593889.380739, 562, 0, 562
12697: 2656.857128, 595071.067933, 646, 0, 646
12794: 2488.321855, 595969.808005, 616, 0, 616
12547: 2661.965140, 596135.156584, 658, 0, 658
12943: 2486.901868, 596042.372586, 607, 0, 607
12651: 2665.899316, 596487.858748, 655, 0, 655
12836: 2490.880659, 596689.328078, 607, 0, 607
13017: 2342.794282, 596515.858404, 565, 0, 565
12831: 2494.507149, 597294.012868, 609, 0, 609
13241: 2338.912468, 596352.496083, 572, 0, 572
12999: 2347.887679, 597603.739674, 572, 0, 572
12817: 2505.480334, 597936.040784, 607, 0, 607
13152: 2494.951504, 596782.775107, 604, 0, 604
12567: 2356.899609, 598783.115713, 573, 0, 573
12786: 2506.064270, 598944.358839, 612, 0, 612
12609: 2364.617191, 600014.152187, 576, 0, 576
13372: 2339.151444, 596115.255125, 569, 0, 569
12777: 2513.124576, 600069.224070, 616, 0, 616
13062: 2505.328983, 599243.697985, 616, 0, 616
13360: 2672.733436, 597816.056315, 646, 0, 646
13303: 2505.349548, 598618.260875, 611, 0, 611
12610: 2373.292284, 601557.393651, 576, 0, 576
12862: 2693.446566, 601210.498066, 662, 0, 662
13082: 2689.646600, 600655.086808, 663, 0, 663
13228: 2685.541642, 600082.077778, 648, 0, 648
13122: 2366.032929, 601241.594395, 579, 0, 579
12854: 2524.245527, 602277.032290, 618, 0, 618
12501: 2538.216140, 602757.425060, 629, 0, 629
13212: 2691.901085, 600944.427666, 654, 0, 654
13333: 2510.050507, 599716.487700, 612, 0, 612
12630: 2710.798632, 603355.353208, 665, 0, 665
12698: 2710.903864, 603414.859303, 666, 0, 666
13146: 2527.617480, 602350.660397, 621, 0, 621
12960: 2710.821417, 603766.159504, 661, 0, 661
13180: 2528.723731, 603024.958913, 621, 0, 621
12874: 2716.717518, 604798.563606, 664, 0, 664
13397: 2370.742072, 601771.193113, 574, 0, 574
12720: 2399.449362, 606371.906796, 582, 0, 582
12986: 2397.629376, 606526.495603, 586, 0, 586
12950: 2550.708976, 606474.384498, 629, 0, 629
12644: 2738.345522, 607127.918027, 664, 0, 664
13297: 2544.390909, 605183.612576, 616, 0, 616
13018: 2553.170811, 606733.606028, 622, 0, 622
12634: 2740.046649, 607658.134058, 670, 0, 670
13111: 2400.472128, 607299.737030, 582, 0, 582
13113: 2402.190618, 607617.838211, 582, 0, 582
12877: 2566.466976, 608521.285794, 627, 0, 627
12766: 2569.062885, 609001.840771, 630, 0, 630
12887: 2569.462485, 609049.501951, 637, 0, 637
13178: 2562.358865, 608399.109820, 623, 0, 623
12596: 2581.862526, 610429.964860, 670, 0, 670
12833: 2577.509764, 610695.374617, 653, 0, 653
13036: 2574.901448, 610075.042748, 623, 0, 623
12664: 2767.182842, 611578.386735, 678, 0, 678
13395: 2408.949919, 608501.296192, 593, 0, 593
13497: 2743.405090, 608059.013672, 671, 0, 671
12590: 2440.716020, 613620.008658, 592, 0, 592
12898: 2595.013707, 613115.663592, 631, 0, 631
13121: 2432.315283, 612907.209914, 592, 0, 592
12535: 2605.205877, 614328.773896, 640, 0, 640
12932: 2601.726094, 614436.061111, 642, 0, 642
12816: 2607.399715, 614946.484820, 635, 0, 635
13184: 2594.363589, 613355.017775, 647, 0, 647
13041: 2600.121931, 614178.117820, 632, 0, 632
13485: 2586.637089, 611700.585607, 641, 0, 641
13175: 2601.779607, 614479.653753, 635, 0, 635
13419: 2521.375595, 612536.298877, 616, 0, 616
13200: 2795.235537, 615873.417281, 692, 0, 692
12687: 2629.301877, 617912.070009, 644, 0, 644
12582: 2471.549960, 618808.845527, 591, 0, 591
13161: 2616.983034, 616948.790314, 630, 0, 630
13245: 2459.496087, 617580.142825, 597, 0, 597
12925: 2629.294132, 618628.695018, 645, 0, 645
12933: 2630.495352, 618815.367273, 641, 0, 641
12629: 2820.659614, 619154.688713, 687, 0, 687
13366: 2798.720891, 616252.740012, 686, 0, 686
13224: 2808.821115, 617827.636437, 686, 0, 686
13305: 2619.319279, 617300.705906, 642, 0, 642
13105: 2813.801337, 618590.697910, 689, 0, 689
12819: 2639.167084, 619994.665321, 638, 0, 638
13384: 2456.446609, 616590.139250, 596, 0, 596
12534: 2643.943057, 620454.471685, 649, 0, 649
12587: 2482.866234, 620821.028770, 606, 0, 606
12946: 2642.116713, 620211.435040, 652, 0, 652
13143: 2631.253740, 619207.477360, 644, 0, 644
12559: 2484.883406, 621192.432089, 609, 0, 609
13427: 2554.237389, 617111.645994, 615, 0, 615
13086: 2827.557924, 620381.330782, 693, 0, 693
12744: 2651.896184, 621742.130281, 652, 0, 652
13022: 2643.101280, 620888.060763, 641, 0, 641
13266: 2633.667715, 619480.119593, 643, 0, 643
12799: 2655.561394, 622349.106319, 667, 0, 667
12803: 2656.216912, 622522.105658, 654, 0, 654
13342: 2638.629152, 619627.153102, 654, 0, 654
12922: 2657.100992, 622744.931473, 660, 0, 660
12592: 2500.840779, 623784.669215, 611, 0, 611
12725: 2501.278485, 623858.939439, 614, 0, 614
12627: 2853.933310, 623653.058271, 700, 0, 700
13244: 2487.856982, 622339.768372, 600, 0, 600
12680: 2858.980978, 624318.062989, 694, 0, 694
12648: 2859.472012, 624362.625951, 702, 0, 702
12732: 2672.389932, 624806.108800, 662, 0, 662
13290: 2658.847912, 623305.643621, 647, 0, 647
13246: 2504.121231, 624727.657236, 612, 0, 612
12994: 2514.534272, 626069.545396, 606, 0, 606
13063: 2687.024267, 627055.689705, 660, 0, 660
12509: 2694.538428, 628340.819914, 654, 0, 654
13133: 2526.262033, 627865.622689, 617, 0, 617
13126: 2529.031756, 628162.710401, 608, 0, 608
12675: 2889.539872, 629028.281147, 715, 0, 715
13252: 2526.005313, 627683.598852, 622, 0, 622
12827: 2700.132233, 629221.377203, 649, 0, 649
13459: 2861.855180, 625474.893599, 699, 0, 699
12719: 2542.127486, 629534.693656, 616, 0, 616
13469: 2687.479018, 626364.835268, 664, 0, 664
12538: 2709.889390, 629883.015032, 655, 1, 654
13321: 2691.190022, 626881.971931, 660, 1, 659
12916: 2703.831376, 629532.752383, 657, 1, 656
12837: 2710.161122, 630366.995803, 664, 0, 664
12745: 2713.134838, 630367.165344, 668, 1, 667
13306: 2693.513123, 628410.325152, 653, 0, 653
13299: 2694.038230, 628482.144313, 648, 0, 648
12657: 2556.187650, 631222.104285, 621, 0, 621
13493: 2690.650696, 626356.923082, 651, 0, 651
13471: 2694.868995, 627373.287682, 663, 0, 663
13473: 2695.968076, 627528.367525, 661, 0, 661
13496: 2694.965988, 626928.355327, 660, 0, 660
12633: 2906.618113, 631704.243446, 717, 0, 717
13238: 2547.645297, 630440.906065, 612, 0, 612
13447: 2695.886920, 628113.130851, 658, 0, 658
12556: 2567.508783, 632514.163144, 630, 0, 630
13425: 2634.704412, 629034.967500, 643, 0, 643
12838: 2729.224602, 632964.349774, 667, 0, 667
13483: 2710.506290, 629577.340543, 673, 0, 673
13350: 2896.122670, 630313.750857, 709, 0, 709
13123: 2565.158293, 632840.125253, 619, 0, 619
13285: 2716.102985, 631640.371008, 666, 0, 666
12793: 2739.733633, 634126.770839, 682, 0, 682
13109: 2573.426306, 633843.168992, 626, 0, 626
13004: 2579.880572, 634660.471873, 626, 0, 626
13332: 2732.607397, 632643.530080, 663, 0, 663
13421: 2571.260084, 632514.273227, 619, 0, 619
13455: 2728.508202, 632756.034889, 670, 0, 670
13327: 2741.274526, 633790.801918, 673, 0, 673
12617: 2604.844079, 637450.978232, 622, 0, 622
13138: 2746.342416, 635996.863193, 674, 0, 674
13322: 2748.995045, 634766.764674, 669, 0, 669
13115: 2600.538429, 637248.186829, 632, 0, 632
12683: 2949.603751, 638275.817719, 731, 0, 731
12713: 2616.109411, 638912.556560, 632, 0, 632
12571: 2623.432260, 639881.709985, 638, 0, 638
13167: 2770.799125, 638156.491477, 679, 0, 679
13347: 2939.921593, 636853.652926, 712, 0, 712
12611: 2634.620329, 641273.036096, 636, 0, 636
13207: 2956.594338, 639532.837006, 723, 0, 723
13353: 2950.950136, 638354.681858, 720, 0, 720
13498: 2940.876875, 636790.629909, 719, 0, 719
13424: 2697.115910, 638156.440250, 669, 0, 669
12737: 2801.396333, 642085.438763, 694, 0, 694
13276: 2774.825341, 639859.584462, 700, 0, 700
12935: 2801.462662, 642245.147336, 687, 0, 687
12858: 2803.892751, 642731.193660, 692, 0, 692
12985: 2976.881407, 642260.482496, 730, 0, 730
12892: 2794.155322, 642525.715529, 690, 0, 690
13351: 2962.247111, 639791.304729, 725, 0, 725
13452: 2775.178036, 639261.699786, 682, 0, 682
13387: 2606.730528, 639576.273902, 636, 0, 636
12967: 2981.024540, 642742.270418, 726, 0, 726
13236: 2639.033817, 642265.535373, 642, 0, 642
12724: 2656.546875, 644387.697753, 647, 0, 647
13112: 2647.251777, 643473.467386, 643, 0, 643
13356: 2973.968149, 641275.840381, 728, 0, 728
13197: 2810.010548, 643143.451992, 686, 0, 686
12642: 3002.205358, 644980.640929, 742, 0, 742
12879: 2821.226326, 646383.039735, 689, 0, 689
12801: 2828.499014, 647070.084410, 685, 0, 685
12798: 2841.362342, 647077.605388, 698, 0, 698
13217: 3002.909686, 645358.147212, 733, 0, 733
12896: 2826.713311, 646988.665275, 687, 0, 687
13261: 2666.164841, 645978.649877, 644, 0, 644
12847: 2844.685316, 647717.352575, 680, 0, 680
12557: 2684.008433, 648081.943283, 653, 0, 653
12690: 3029.252363, 648528.353205, 731, 0, 731
13085: 3021.448691, 647680.161597, 735, 0, 735
13488: 2839.363506, 645816.650411, 695, 0, 695
12665: 3039.110605, 649683.413306, 739, 0, 739
12573: 2699.534592, 650102.086908, 659, 0, 659
13243: 2686.183671, 648522.059913, 655, 0, 655
12921: 2848.853128, 649798.076451, 691, 0, 691
13235: 2688.836847, 648828.078461, 651, 0, 651
12768: 2873.291175, 650826.854244, 709, 0, 709
12579: 2709.441855, 651375.899895, 651, 0, 651
13209: 3042.132822, 650039.097972, 741, 0, 741
13230: 3043.795306, 650208.848923, 745, 0, 745
13166: 2853.498690, 650569.092577, 702, 0, 702
12951: 2880.307149, 651830.071124, 710, 0, 710
13093: 3050.785357, 651208.233445, 739, 0, 739
12645: 3071.839992, 653531.310964, 761, 0, 761
13446: 2854.824338, 649854.727299, 696, 0, 696
13023: 2870.484851, 652812.866320, 708, 0, 708
12955: 3074.099369, 653907.886396, 752, 0, 752
12603: 2738.451775, 654922.123264, 666, 0, 666
12660: 3084.251792, 654939.475314, 745, 0, 745
13443: 2864.682530, 651124.838999, 698, 0, 698
12864: 3082.300758, 655066.958541, 765, 0, 765
12923: 2907.199286, 654999.830013, 710, 0, 710
12504: 2904.757087, 655927.241583, 709, 0, 709
12888: 2901.031393, 656847.381307, 701, 0, 701
12647: 3100.175132, 656746.842212, 753, 0, 753
13415: 2823.652047, 653242.609874, 684, 0, 684
12711: 2759.329811, 657577.588567, 671, 0, 671
13491: 2901.305664, 652570.661574, 709, 0, 709
13304: 2891.563977, 655269.166835, 707, 0, 707
13107: 2752.447945, 656984.503541, 668, 0, 668
12662: 3117.532402, 658658.044298, 772, 0, 772
12974: 3120.356391, 659089.104454, 768, 0, 768
12873: 3125.732971, 659891.151173, 771, 0, 771
13323: 2932.804847, 657115.162592, 724, 0, 724
12830: 2954.701712, 660656.015708, 728, 0, 728
12861: 3139.046397, 661278.194582, 762, 0, 762
12604: 2795.358894, 662041.098421, 687, 0, 687
13271: 2925.458836, 659505.265086, 714, 0, 714
13442: 2919.735305, 658038.011461, 721, 0, 721
12518: 2947.164153, 662208.128731, 724, 0, 724
12540: 3152.931879, 662313.671063, 771, 0, 771
12870: 3149.302741, 662383.535165, 784, 0, 784
12527: 2950.974643, 662672.965672, 719, 0, 719
12641: 3153.770647, 662525.758160, 771, 0, 771
13441: 2926.906231, 658966.809873, 708, 0, 708
12583: 2804.395153, 663308.892260, 685, 0, 685
12586: 2805.269744, 663363.697894, 682, 0, 682
13432: 2881.199343, 659444.907884, 700, 0, 700
13301: 2937.798166, 661035.404831, 724, 0, 724
13072: 2974.352807, 662659.866227, 736, 0, 736
12594: 2810.313702, 663982.945536, 684, 0, 684
12975: 3161.278399, 663420.812754, 783, 0, 783
12525: 2963.572181, 664214.111883, 721, 0, 721
12536: 2964.340215, 664311.373317, 725, 0, 725
12900: 2958.472802, 663821.208076, 726, 0, 726
12811: 2967.627759, 664859.436876, 727, 0, 727
12655: 2820.395234, 665042.825687, 688, 0, 688
13329: 2973.457646, 661758.299696, 730, 0, 730
12576: 2820.650781, 665253.195231, 688, 0, 688
13487: 2971.531950, 661213.771356, 731, 0, 731
12554: 2828.684921, 665857.428526, 696, 0, 696
13191: 2987.579784, 663990.765577, 734, 0, 734
12782: 3001.177672, 665702.861630, 739, 0, 739
13352: 3163.649293, 662674.672828, 786, 0, 786
12904: 2968.950082, 664994.635634, 718, 0, 718
12626: 2831.627181, 666340.160742, 686, 0, 686
13381: 2809.963723, 662418.893192, 690, 0, 690
13371: 2806.511887, 662517.245949, 683, 0, 683
13171: 2995.839028, 664862.836308, 742, 0, 742
13412: 2915.141005, 662679.537764, 717, 0, 717
13484: 2984.819657, 662651.778925, 732, 0, 732
13169: 2996.993282, 664990.179684, 745, 0, 745
13034: 2976.774582, 665895.734178, 742, 0, 742
12894: 2984.528844, 666775.460352, 732, 0, 732
13477: 2991.085806, 663313.883679, 737, 0, 737
13445: 2968.770012, 663793.548098, 722, 0, 722
13163: 2982.838544, 666440.137595, 730, 0, 730
12595: 3206.956867, 668010.457255, 785, 0, 785
12519: 3001.320680, 668526.413294, 727, 0, 727
12550: 3219.130719, 669223.197093, 785, 0, 785
12742: 3035.776384, 669391.574678, 748, 0, 748
12565: 2859.121529, 669706.701923, 693, 0, 693
12568: 2860.127577, 669781.953981, 692, 0, 692
13389: 2819.334093, 666101.070288, 677, 0, 677
12984: 3222.513514, 669479.337705, 792, 0, 792
12667: 3230.209150, 670124.856659, 791, 0, 791
13368: 3216.312984, 667933.441659, 785, 0, 785
13449: 3002.030361, 667432.064822, 726, 0, 726
13141: 3014.249482, 669897.426652, 739, 0, 739
12956: 3241.724738, 671232.591908, 789, 0, 789
13145: 3018.671266, 670357.339894, 737, 0, 737
13385: 2874.407574, 668609.178596, 699, 0, 699
13182: 3056.810712, 671274.329906, 732, 0, 732
12506: 3041.771349, 673014.828505, 739, 0, 739
12649: 3261.631762, 673053.709861, 799, 0, 799
13176: 3059.287293, 671535.412509, 740, 0, 740
12844: 3072.079228, 673414.032503, 757, 0, 757
12981: 3258.456802, 672783.414597, 806, 0, 806
13457: 3235.928440, 669437.893173, 790, 0, 790
13312: 3030.981994, 671369.723825, 740, 0, 740
13338: 3059.338706, 670791.366929, 752, 0, 752
13283: 3032.578186, 671509.084770, 743, 0, 743
13202: 3256.660749, 672241.794730, 791, 0, 791
13164: 3046.228727, 673240.823865, 744, 0, 744
12632: 3278.634462, 674741.754830, 813, 0, 813
13308: 3044.576086, 672780.602470, 744, 0, 744
12918: 3061.341462, 674998.484414, 753, 0, 753
13365: 3261.730319, 672267.222816, 801, 0, 801
12615: 2917.886971, 675843.040591, 709, 0, 709
12681: 3289.861170, 675840.924915, 814, 0, 814
13263: 3051.139202, 673556.124251, 739, 0, 739
12944: 3095.797783, 675570.943499, 756, 0, 756
12767: 3103.997948, 676296.315643, 771, 0, 771
12992: 2926.596943, 676787.096553, 703, 0, 703
12531: 3085.230934, 677286.265492, 755, 0, 755
13048: 3104.242979, 676222.991714, 758, 0, 758
13012: 2933.563468, 677500.207496, 716, 0, 716
12741: 3119.275784, 677844.156791, 776, 0, 776
13136: 2929.558179, 677055.058419, 713, 0, 713
12851: 3123.256377, 678451.662246, 765, 0, 765
13220: 3303.479140, 676886.066721, 805, 0, 805
12779: 3135.947240, 679428.974582, 761, 0, 761
12715: 2961.398256, 680024.359596, 720, 0, 720
12893: 3105.973660, 679382.665262, 758, 0, 758
13422: 3056.212528, 676495.076818, 736, 0, 736
13061: 3138.671901, 679480.457508, 785, 0, 785
13311: 3099.085223, 678130.284044, 750, 0, 750
13035: 3109.697030, 679682.037328, 754, 0, 754
12581: 2970.768455, 680971.421548, 723, 0, 723
13437: 3097.492130, 677036.641443, 759, 0, 759
12574: 2973.911494, 681264.326126, 715, 0, 715
13357: 3323.555250, 678139.081089, 812, 0, 812
13168: 3145.251531, 679753.804344, 778, 0, 778
13468: 3318.429744, 677587.445286, 820, 0, 820
12931: 3156.716826, 681351.460937, 776, 0, 776
13370: 2959.567298, 678228.587838, 722, 0, 722
12969: 3350.237978, 681744.648055, 821, 0, 821
12856: 3166.935736, 682551.364958, 782, 0, 782
12661: 3360.646962, 682703.321599, 821, 0, 821
12650: 3364.420441, 683039.129406, 820, 0, 820
12995: 2994.733107, 683107.094740, 731, 0, 731
12631: 3368.135011, 683372.029829, 830, 0, 830
12553: 3367.038074, 683407.920000, 835, 0, 835
12765: 3182.138834, 683654.499925, 794, 0, 794
13002: 3000.317866, 683629.038955, 733, 0, 733
13284: 3135.051059, 681502.826696, 768, 0, 768
12859: 3184.300117, 684129.928637, 779, 0, 779
13044: 3178.587631, 683137.027291, 778, 0, 778
12796: 3189.693334, 684386.043602, 782, 0, 782
13399: 2964.868749, 680618.892551, 715, 0, 715
13011: 3006.382395, 684200.142225, 716, 0, 716
12695: 3379.630605, 684422.978685, 833, 0, 833
13349: 3359.456944, 681391.485161, 822, 0, 822
13378: 3002.780346, 680885.164654, 729, 0, 729
12739: 3200.890040, 685339.291760, 781, 0, 781
12784: 3202.221704, 685445.844678, 786, 0, 786
12646: 3390.523656, 685329.193606, 833, 0, 833
12834: 3205.454050, 685881.234788, 783, 0, 783
13294: 3158.163133, 683644.265629, 772, 0, 772
13486: 3185.920053, 682187.053478, 782, 0, 782
13382: 3020.703716, 682403.927583, 741, 0, 741
12762: 3213.321852, 686355.434071, 792, 0, 792
12614: 3035.677182, 686668.108346, 737, 0, 737
13364: 3380.534127, 683232.347607, 826, 0, 826
12920: 3178.156828, 686185.510755, 778, 0, 778
13256: 3022.426864, 685174.474685, 736, 0, 736
13362: 3382.590030, 683427.921258, 821, 0, 821
13211: 3391.681953, 684922.338518, 835, 0, 835
13185: 3206.034253, 685145.970542, 786, 0, 786
12622: 3043.224517, 687253.215007, 741, 0, 741
13080: 3402.048883, 686032.780267, 839, 0, 839
12962: 3414.339521, 687232.191339, 835, 0, 835
13052: 3223.360458, 686864.224869, 801, 0, 801
13006: 3047.633985, 687733.819120, 752, 0, 752
13391: 3013.048469, 684598.767084, 733, 0, 733
13414: 3150.120621, 684689.376723, 767, 0, 767
13065: 3233.165433, 687635.066508, 795, 0, 795
13295: 3186.331811, 686239.608899, 765, 0, 765
13413: 3152.064189, 684815.074872, 773, 0, 773
12773: 3245.862010, 688959.551146, 791, 0, 791
12548: 3432.606556, 688844.757662, 847, 0, 847
13402: 3021.192040, 685226.402750, 729, 0, 729
12612: 3072.297510, 689708.787871, 745, 0, 745
13434: 3167.725609, 685962.815188, 773, 0, 773
13001: 3070.944237, 689643.013119, 756, 0, 756
13259: 3063.280230, 688561.861102, 753, 0, 753
12978: 3443.805530, 689454.694341, 826, 0, 826
12541: 3452.064642, 690025.239342, 854, 0, 854
13087: 3442.448470, 689096.859054, 843, 0, 843
12924: 3263.363529, 690216.678700, 800, 0, 800
12708: 3088.402552, 691033.506227, 756, 0, 756
13032: 3221.354711, 689903.103326, 790, 0, 790
12845: 3270.419127, 690931.934423, 799, 0, 799
12849: 3275.092878, 691399.240797, 808, 0, 808
12537: 3239.763851, 691560.005832, 787, 0, 787
13416: 3188.889883, 687622.202496, 778, 0, 778
13159: 3227.251184, 690100.653861, 782, 0, 782
13219: 3458.983117, 689954.942435, 835, 0, 835
12885: 3240.990825, 691928.521492, 788, 0, 788
12616: 3103.546986, 692237.497184, 751, 0, 751
13330: 3272.077417, 689360.446241, 802, 0, 802
13326: 3272.204031, 689362.406361, 797, 0, 797
12580: 3111.083797, 692879.331794, 756, 0, 756
12822: 3253.027930, 692734.104227, 790, 0, 790
13147: 3243.118969, 691305.389936, 788, 0, 788
13160: 3244.110205, 691375.825918, 791, 0, 791
13293: 3245.630404, 691048.219480, 793, 0, 793
13320: 3291.573851, 690785.366463, 819, 0, 819
12971: 3496.103065, 693450.602833, 865, 0, 865
13102: 3495.582877, 693194.475433, 847, 0, 847
12619: 3134.769317, 694643.172144, 764, 0, 764
13253: 3123.348964, 693257.704370, 761, 0, 761
13030: 3276.758063, 694052.156974, 795, 0, 795
12562: 3143.546187, 695359.364311, 772, 0, 772
12691: 3519.763478, 695275.338051, 858, 0, 858
12542: 3521.670797, 695317.643985, 857, 0, 857
13158: 3279.002292, 693937.704751, 807, 0, 807
13418: 3242.777118, 691664.469871, 794, 0, 794
13408: 3110.549198, 691928.893898, 761, 0, 761
13195: 3324.511380, 694038.286993, 810, 0, 810
13470: 3313.921854, 691808.468647, 826, 0, 826
12813: 3297.142002, 695935.141714, 810, 0, 810
12821: 3299.347221, 696083.851123, 803, 0, 803
13309: 3281.677637, 693674.043457, 806, 0, 806
13073: 3335.177171, 695136.353510, 809, 0, 809
12605: 3159.944842, 696509.413785, 775, 0, 775
13150: 3289.605935, 694662.432467, 801, 0, 801
13317: 3284.496220, 693872.646750, 793, 0, 793
12701: 3306.486055, 696452.782227, 814, 0, 814
12899: 3300.669020, 695976.304240, 809, 0, 809
12769: 3348.371101, 696424.687965, 824, 0, 824
13264: 3286.721992, 694001.081828, 804, 0, 804
13057: 3339.356287, 695408.219520, 822, 0, 822
13194: 3340.862497, 695153.967857, 826, 0, 826
12674: 3541.889057, 696817.672089, 875, 0, 875
12522: 3316.160824, 697092.299610, 807, 0, 807
12740: 3362.510502, 697373.802845, 826, 0, 826
13144: 3307.118388, 695789.537466, 806, 0, 806
12758: 3368.248342, 697740.970275, 814, 0, 814
13315: 3306.566079, 695390.720506, 809, 0, 809
13198: 3358.087748, 696280.856491, 820, 0, 820
13021: 3320.465198, 697016.390458, 803, 0, 803
12712: 3184.368955, 698322.161586, 780, 0, 780
13404: 3146.324691, 694357.597741, 763, 0, 763
13157: 3325.249935, 696946.722621, 812, 0, 812
13189: 3369.663837, 696993.436389, 829, 0, 829
13328: 3364.108978, 695656.770325, 819, 0, 819
12857: 3387.538046, 699118.949962, 821, 0, 821
13343: 3553.293767, 695874.033362, 871, 0, 871
13151: 3334.928096, 697537.654826, 810, 0, 810
12593: 3202.529918, 699683.156595, 777, 0, 777
13196: 3383.587998, 697819.619053, 826, 0, 826
13344: 3559.422821, 696263.732917, 873, 0, 873
12982: 3574.961701, 698883.326281, 875, 0, 875
13374: 3181.276711, 695943.178194, 775, 0, 775
12564: 3207.436573, 700007.775559, 778, 0, 778
13258: 3195.007685, 698490.548459, 773, 0, 773
13013: 3205.354182, 699760.057052, 769, 0, 769
12727: 3364.794621, 700184.794582, 826, 0, 826
13334: 3387.598540, 697033.357835, 840, 0, 840
13302: 3346.561914, 697719.584336, 823, 0, 823
12780: 3409.927820, 700263.376260, 833, 0, 833
13369: 3569.569811, 697031.800073, 880, 0, 880
13269: 3353.218689, 698126.430648, 824, 0, 824
12937: 3413.159378, 700266.413798, 838, 0, 838
13435: 3322.648095, 696888.570386, 814, 0, 814
13081: 3592.745884, 699654.797209, 873, 0, 873
13206: 3589.392200, 699069.824201, 872, 0, 872
12761: 3423.794377, 701009.312298, 836, 0, 836
12682: 3605.676108, 700909.268508, 874, 0, 874
13028: 3372.292381, 700096.374052, 821, 0, 821
13448: 3352.523256, 697150.078442, 812, 0, 812
12546: 3607.430607, 701096.396620, 882, 0, 882
13097: 3602.221834, 700212.647205, 887, 0, 887
13047: 3424.127802, 700508.109103, 842, 0, 842
13128: 3223.640379, 700762.113493, 785, 0, 785
12716: 3237.802642, 702012.581060, 786, 0, 786
13218: 3605.435681, 699964.895212, 889, 0, 889
13480: 3415.770551, 697881.662670, 833, 0, 833
12945: 3434.789180, 701428.977367, 843, 0, 843
12526: 3397.605483, 701994.374929, 824, 0, 824
13405: 3249.112657, 698410.902298, 794, 0, 794
13055: 3437.524385, 701214.259469, 843, 0, 843
13203: 3615.369622, 700491.318317, 883, 0, 883
12673: 3629.762840, 702201.471153, 891, 0, 891
12947: 3443.533136, 701891.884205, 851, 0, 851
12895: 3401.610376, 702023.496486, 834, 0, 834
13177: 3437.819083, 700814.183926, 840, 0, 840
13058: 3442.011110, 701458.462676, 837, 0, 837
13310: 3385.089253, 700064.400435, 816, 0, 816
13472: 3426.920781, 698546.915724, 830, 0, 830
12628: 3639.719768, 702686.036105, 886, 0, 886
13262: 3244.079018, 701492.847258, 789, 0, 789
13101: 3632.860615, 701785.525686, 893, 0, 893
12752: 3461.105840, 703084.324702, 838, 0, 838
12733: 3461.980306, 703154.208718, 858, 0, 858
12503: 3425.527278, 703331.858848, 843, 0, 843
12930: 3460.989190, 702787.049041, 848, 0, 848
13015: 3258.337192, 703123.138542, 785, 0, 785
13088: 3642.426267, 702244.352956, 889, 0, 889
13251: 3254.465953, 701990.763394, 786, 0, 786
12678: 3657.081940, 703554.645967, 897, 0, 897
12890: 3424.978089, 703388.583568, 845, 0, 845
12760: 3478.234348, 703819.229624, 862, 0, 862
13074: 3649.720813, 702634.087251, 897, 0, 897
12948: 3476.209344, 703523.244773, 863, 0, 863
12959: 3657.641560, 703393.353038, 905, 0, 905
12756: 3486.596428, 704287.125517, 848, 0, 848
12878: 3442.212784, 704515.509414, 840, 0, 840
12533: 3446.577479, 704589.270109, 845, 0, 845
12736: 3493.107462, 704523.175231, 855, 0, 855
13020: 3435.987781, 703529.081458, 848, 0, 848
13208: 3659.295685, 702667.257553, 893, 0, 893
12640: 3675.796476, 704488.534543, 898, 0, 898
12717: 3291.327744, 704998.876947, 801, 0, 801
13400: 3269.523483, 701194.427044, 805, 0, 805
13033: 3445.764126, 704030.873539, 844, 0, 844
13318: 3436.735897, 702609.522804, 842, 0, 842
13287: 3440.144555, 702774.023592, 835, 0, 835
13307: 3446.613555, 703067.013365, 840, 0, 840
12804: 3468.678185, 705695.248538, 849, 0, 849
12684: 3700.252956, 705606.746363, 905, 0, 905
12996: 3307.269272, 705611.362193, 813, 0, 813
12728: 3313.216948, 706136.739501, 813, 0, 813
13127: 3302.928481, 705095.038457, 794, 0, 794
12510: 3533.479395, 706047.698347, 875, 0, 875
13393: 3275.363417, 702428.653343, 800, 0, 800
13247: 3313.961303, 704931.702543, 804, 0, 804
12926: 3533.154791, 705967.176835, 868, 0, 868
13272: 3467.274418, 704020.810560, 840, 0, 840
12839: 3537.490461, 706493.880118, 869, 0, 869
13075: 3712.038914, 705468.719319, 900, 0, 900
12789: 3544.144159, 706696.654499, 867, 0, 867
13396: 3313.115186, 703074.883622, 807, 0, 807
13467: 3696.019210, 702706.611873, 899, 0, 899
12588: 3334.675490, 707163.470708, 816, 0, 816
12785: 3551.077342, 706962.049705, 873, 0, 873
13377: 3351.669412, 703185.065188, 820, 0, 820
13174: 3540.762381, 705386.861146, 876, 0, 876
13398: 3324.146558, 703504.338678, 806, 0, 806
12815: 3505.636751, 707390.043277, 854, 0, 854
12910: 3502.534801, 706950.044607, 854, 0, 854
13051: 3560.261854, 706589.575851, 868, 0, 868
13363: 3726.970916, 704455.871472, 907, 0, 907
13386: 3327.835871, 703993.564517, 818, 0, 818
13464: 3720.944303, 703617.031097, 902, 0, 902
13348: 3731.746771, 704599.949150, 907, 0, 907
13339: 3557.704351, 704786.026635, 873, 0, 873
12829: 3575.964092, 707920.184863, 871, 0, 871
13098: 3746.333489, 706784.197740, 908, 0, 908
12940: 3577.442883, 707594.305621, 876, 0, 876
12993: 3355.018923, 707823.392671, 823, 0, 823
13227: 3745.451386, 706256.825379, 930, 0, 930
12818: 3525.921566, 708205.688372, 858, 0, 858
12751: 3584.804884, 708181.028107, 886, 0, 886
12704: 3364.377096, 708446.527212, 826, 0, 826
13130: 3354.494346, 707419.020662, 816, 0, 816
12613: 3368.678078, 708605.261480, 821, 0, 821
12825: 3530.419353, 708461.373298, 855, 0, 855
13222: 3755.985097, 706642.257704, 910, 0, 910
13336: 3578.478246, 705545.609329, 868, 0, 868
12826: 3538.135025, 708745.620879, 864, 0, 864
12952: 3599.921226, 708391.545501, 883, 0, 883
12507: 3545.077685, 708984.059595, 866, 0, 866
13137: 3373.681729, 708099.583157, 829, 0, 829
12875: 3773.595731, 708556.317257, 934, 0, 934
13071: 3598.638624, 707937.156169, 890, 0, 890
12668: 3784.045944, 708827.922609, 916, 0, 916
12508: 3548.064654, 709092.810928, 873, 0, 873
12513: 3550.438570, 709122.720253, 868, 0, 868
13077: 3776.660554, 707843.215144, 930, 0, 930
13192: 3602.340685, 707552.884467, 884, 0, 884
13375: 3424.423722, 705760.716332, 830, 0, 830
12663: 3809.973582, 709621.696005, 939, 0, 939
13248: 3410.715651, 708366.764454, 828, 0, 828
13341: 3616.452567, 706795.327846, 883, 0, 883
12601: 3414.584663, 710251.077442, 839, 0, 839
12772: 3642.022512, 710047.212995, 899, 0, 899
12658: 3417.780072, 710434.530132, 830, 0, 830
12523: 3587.655931, 710313.666625, 870, 0, 870
12643: 3824.544595, 710080.351421, 938, 0, 938
12802: 3590.846875, 710429.253995, 873, 0, 873
12505: 3588.698974, 710380.900863, 878, 0, 878
12734: 3652.806667, 710428.057578, 896, 0, 896
13037: 3588.355355, 709580.231564, 871, 0, 871
12685: 3837.106538, 710438.399189, 932, 0, 932
13118: 3429.973225, 709784.013360, 832, 0, 832
13226: 3824.498084, 708790.169311, 937, 0, 937
13292: 3583.109483, 708243.641092, 872, 0, 872
12718: 3431.520570, 710934.665082, 843, 0, 843
12600: 3436.522727, 711081.250439, 837, 0, 837
12905: 3603.651046, 710449.030838, 884, 0, 884
13325: 3651.377853, 707830.016035, 888, 0, 888
13436: 3571.350651, 707019.560150, 878, 0, 878
13019: 3607.319916, 710109.619539, 889, 0, 889
13454: 3602.896276, 707171.523679, 868, 0, 868
13100: 3852.261587, 710034.223147, 946, 0, 946
12843: 3687.913413, 711443.047786, 895, 0, 895
12764: 3691.398010, 711444.179559, 903, 0, 903
13420: 3590.965621, 707540.901145, 879, 0, 879
13298: 3614.290249, 709095.757262, 885, 0, 885
12954: 3867.071597, 710868.518864, 951, 0, 951
13014: 3453.127888, 711280.691263, 830, 0, 830
13278: 3615.681398, 709120.087842, 880, 0, 880
13092: 3866.467183, 710404.745867, 952, 0, 952
12961: 3873.616908, 710997.625071, 944, 0, 944
13257: 3484.693740, 710205.075732, 843, 0, 843
12823: 3639.489036, 711748.146464, 904, 0, 904
12560: 3466.001852, 711989.804033, 838, 0, 838
13005: 3463.750238, 711562.673556, 838, 0, 838
13388: 3476.584107, 708128.038352, 845, 0, 845
12759: 3710.764688, 711914.865903, 913, 0, 913
13265: 3633.227614, 709566.950481, 901, 0, 901
13154: 3638.808044, 710385.804722, 893, 0, 893
12991: 3473.292284, 711805.008427, 843, 0, 843
12781: 3720.519094, 712121.177572, 929, 0, 929
13260: 3505.434898, 710680.296848, 856, 0, 856
13026: 3655.122006, 711281.852373, 888, 0, 888
12623: 3489.558483, 712547.972030, 844, 0, 844
12624: 3493.078138, 712632.318212, 845, 0, 845
12748: 3732.479352, 712394.053580, 919, 0, 919
12566: 3493.079001, 712682.633003, 857, 0, 857
12575: 3494.147426, 712696.508716, 853, 0, 853
12889: 3672.716404, 712536.819764, 897, 0, 897
12738: 3738.427127, 712494.257678, 923, 0, 923
12502: 3682.485711, 712614.936108, 907, 0, 907
12757: 3744.748809, 712621.222908, 930, 0, 930
12524: 3684.321058, 712720.933561, 900, 0, 900
13426: 3647.633763, 708765.241579, 887, 0, 887
12917: 3682.329619, 712282.570540, 912, 0, 912
12514: 3692.896706, 712872.159531, 907, 0, 907
13401: 3526.584981, 709165.593533, 866, 0, 866
13049: 3759.331193, 711961.181213, 920, 0, 920
12747: 3768.121740, 713010.562502, 949, 0, 949
12520: 3712.272609, 713176.210692, 905, 0, 905
13148: 3698.264659, 711482.313280, 899, 0, 899
13193: 3765.984637, 711505.173008, 923, 0, 923
13110: 3524.681203, 712460.632681, 850, 0, 850
13042: 3777.029265, 712251.600062, 925, 0, 925
12897: 3727.211106, 712974.246647, 907, 0, 907
12653: 3555.260196, 713697.244824, 866, 0, 866
12853: 3796.009869, 713474.563443, 947, 0, 947
12919: 3733.988272, 713083.316955, 922, 0, 922
12511: 3743.082121, 713621.813360, 905, 0, 905
13282: 3726.173979, 711156.604506, 906, 0, 906
12927: 3801.519687, 713119.238673, 927, 0, 927
13108: 3544.822315, 712817.760839, 870, 0, 870
13249: 3592.712824, 712133.016421, 869, 0, 869
12783: 3816.265947, 713717.290411, 943, 0, 943
13064: 3809.231599, 712702.963657, 939, 0, 939
13009: 3562.863436, 713567.467732, 862, 0, 862
13069: 3814.937826, 712777.156891, 932, 0, 932
12850: 3822.408892, 713818.464708, 940, 0, 940
13183: 3812.454797, 712147.694969, 931, 0, 931
13024: 3756.807914, 712884.184857, 926, 0, 926
12797: 3828.798303, 713859.847383, 959, 0, 959
12902: 3765.412917, 713495.406803, 929, 0, 929
13172: 3822.582644, 712241.765781, 944, 0, 944
12775: 3837.403336, 713928.034287, 964, 0, 964
12599: 3587.642279, 714230.781692, 880, 0, 880
13288: 3762.338858, 711528.522663, 926, 0, 926
12882: 3776.530002, 714070.199591, 916, 0, 916
13124: 3603.065693, 713258.993015, 883, 0, 883
13300: 3778.271315, 711636.230240, 931, 0, 931
12589: 3591.413335, 714362.749776, 875, 0, 875
13277: 3766.728459, 711661.795899, 918, 0, 918
12891: 3782.430011, 713682.869313, 926, 0, 926
12597: 3795.181465, 714234.822021, 929, 0, 929
13439: 3764.440983, 710243.042565, 927, 0, 927
13237: 3625.782811, 712765.064306, 889, 0, 889
13116: 3597.017451, 713461.192980, 879, 0, 879
13289: 3814.058493, 711924.372848, 939, 0, 939
13461: 3795.075243, 710435.198077, 935, 0, 935
13149: 3812.503527, 712790.629050, 942, 0, 942
13406: 3633.387761, 710654.504812, 883, 0, 883
13039: 3823.245987, 713477.661214, 937, 0, 937
12591: 3656.979671, 714845.259581, 894, 0, 894
12607: 3674.348297, 714831.277036, 894, 0, 894
13156: 3839.030647, 712957.765097, 942, 0, 942
12532: 3854.926841, 714669.600818, 944, 0, 944
12558: 3657.447939, 714881.786431, 878, 0, 878
12625: 3691.681962, 714917.819516, 896, 0, 896
13114: 3658.144844, 713873.671764, 885, 0, 885
12659: 3697.750566, 714938.242998, 912, 0, 912
12654: 3709.791871, 714934.861278, 912, 0, 912
12606: 3697.224173, 714960.591090, 908, 0, 908
13423: 3812.157889, 710855.747931, 928, 0, 928
13429: 3815.740395, 710875.718040, 938, 0, 938
13129: 3717.118952, 713952.714563, 906, 0, 906
12570: 3699.423749, 715059.942649, 898, 0, 898
12656: 3744.487172, 715051.891441, 913, 0, 913
13409: 3710.348133, 711097.444046, 895, 0, 895
13403: 3708.095093, 711107.984782, 901, 0, 901
12731: 3700.520187, 715157.220582, 901, 0, 901
12620: 3755.200884, 715106.473580, 920, 0, 920
13417: 3849.577256, 710974.376971, 937, 0, 937
13239: 3770.364463, 713408.503292, 915, 0, 915
13106: 3725.695229, 714110.646448, 904, 0, 904
13379: 3773.767341, 711103.098058, 911, 0, 911
12729: 3709.606047, 715207.954704, 910, 0, 910
12723: 3728.450382, 715237.936673, 903, 0, 903
12730: 3777.040817, 715196.679396, 930, 0, 930
13234: 3752.885966, 713505.295534, 909, 0, 909
12578: 3806.169412, 715212.572174, 916, 0, 916
13392: 3833.278264, 711187.269487, 914, 0, 914
12989: 3788.841102, 714761.809747, 895, 0, 895
13242: 3848.853487, 713501.519759, 947, 0, 947
13003: 3787.810136, 714778.487007, 904, 0, 904
12569: 3818.014997, 715272.935698, 905, 0, 905
