8751: 18.330774, 544.195698, 5, 0, 5
8750: 21.099425, 592.512036, 5, 0, 5
8752: 20.140608, 658.963511, 7, 0, 7
8767: 19.112522, 1158.691122, 7, 0, 7
8768: 19.283977, 1189.820599, 5, 0, 5
8773: 19.392055, 1197.960704, 5, 0, 5
8772: 19.572563, 1222.037267, 7, 0, 7
8771: 19.947358, 1260.969881, 5, 0, 5
8908: 21.309276, 1268.279913, 10, 0, 10
8766: 20.285182, 1297.025321, 5, 0, 5
8834: 21.559867, 1306.286698, 5, 0, 5
8910: 21.559705, 1335.188710, 6, 0, 6
8769: 21.159376, 1425.900998, 6, 0, 6
8770: 21.337833, 1457.216582, 6, 0, 6
9035: 19.966348, 1556.956521, 4, 0, 4
8757: 17.286435, 1660.779751, 5, 0, 5
8749: 27.446323, 1654.315128, 11, 0, 11
9069: 19.495789, 1772.142791, 4, 0, 4
8754: 18.990104, 1842.750641, 5, 0, 5
8763: 20.069805, 1966.799958, 4, 0, 4
8949: 16.614702, 1967.421693, 4, 0, 4
8758: 20.307917, 2013.549747, 5, 0, 5
8759: 20.623618, 2116.792600, 5, 0, 5
8756: 20.761798, 2160.673267, 5, 0, 5
8932: 17.185210, 2323.211146, 5, 0, 5
9072: 19.818724, 2304.182128, 5, 0, 5
8801: 26.311390, 2361.738260, 10, 0, 10
9066: 20.186978, 2335.573028, 9, 0, 9
8760: 21.486284, 2439.950457, 7, 0, 7
8764: 21.905840, 2499.440598, 5, 0, 5
9065: 20.939844, 2474.859694, 5, 0, 5
9095: 15.409608, 2451.845139, 5, 0, 5
8873: 12.477763, 2573.744445, 6, 0, 6
9063: 21.570847, 2550.793296, 6, 0, 6
9016: 15.830009, 2602.315622, 3, 0, 3
9068: 21.971555, 2590.244115, 5, 0, 5
9071: 22.046667, 2602.327400, 7, 0, 7
8987: 16.896009, 2638.270273, 6, 0, 6
8761: 23.127094, 2638.952123, 5, 0, 5
9064: 23.445002, 2608.305464, 5, 0, 5
9138: 17.328246, 2527.597292, 4, 0, 4
8945: 19.329674, 2656.816362, 5, 0, 5
8974: 19.429820, 2663.922187, 5, 0, 5
9067: 22.398360, 2649.905341, 8, 0, 8
8996: 16.992598, 2685.731960, 5, 0, 5
8885: 13.365230, 2692.610947, 4, 0, 4
8946: 15.329055, 1856.291258, 4, 0, 4
8925: 19.890716, 2712.514711, 6, 0, 6
8972: 19.918923, 2713.678458, 5, 0, 5
8957: 21.126469, 2714.404613, 6, 0, 6
8931: 20.020965, 2728.172327, 6, 0, 6
8921: 16.888870, 2755.557649, 8, 0, 8
8913: 18.690666, 2758.430651, 5, 0, 5
8753: 24.187310, 2789.423287, 6, 0, 6
8944: 20.400912, 2808.564304, 5, 0, 5
8970: 20.409450, 2814.831034, 5, 0, 5
8934: 20.501877, 2835.996475, 6, 0, 6
8923: 17.454998, 2859.012468, 6, 0, 6
8914: 19.170269, 2877.648295, 6, 0, 6
9030: 17.442411, 2879.794055, 5, 0, 5
8912: 19.878585, 2880.941500, 5, 0, 5
9086: 17.109015, 2770.217371, 4, 0, 4
8976: 20.759027, 2890.292466, 5, 0, 5
8950: 21.668843, 2894.026370, 5, 0, 5
9012: 17.806308, 2908.973085, 5, 0, 5
8963: 20.933477, 2938.325298, 8, 0, 8
9036: 17.999637, 3054.988814, 5, 0, 5
8964: 17.396649, 3073.742557, 8, 0, 8
8755: 25.002175, 3092.623730, 8, 0, 8
9085: 17.765552, 2998.398265, 7, 0, 7
8969: 23.309614, 3120.004443, 5, 0, 5
8929: 18.290135, 3130.034030, 5, 0, 5
8993: 19.096767, 3143.780086, 9, 0, 9
8821: 17.786046, 3170.032940, 4, 0, 4
9258: 13.030443, 2544.025303, 4, 0, 4
8836: 16.007473, 3183.913533, 4, 0, 4
8888: 16.321517, 3229.556486, 6, 0, 6
8951: 21.466011, 3226.266456, 6, 0, 6
8874: 17.414546, 3232.592791, 6, 0, 6
9078: 18.207935, 3123.287692, 6, 0, 6
9007: 18.986416, 3244.540353, 5, 0, 5
9050: 19.809025, 3244.877080, 4, 0, 4
9059: 18.622441, 3249.792953, 5, 0, 5
9150: 16.694022, 3143.574739, 4, 0, 4
8937: 18.751261, 3273.410703, 6, 0, 6
8956: 18.577763, 3292.866445, 6, 0, 6
8841: 16.681963, 3298.140743, 4, 0, 4
9042: 18.879885, 3294.239444, 5, 0, 5
8920: 20.420536, 3296.530899, 5, 0, 5
9053: 21.021560, 3295.264733, 5, 0, 5
9084: 18.542185, 3184.875728, 7, 0, 7
8803: 15.591375, 3316.719902, 3, 0, 3
9039: 15.578746, 2573.790010, 4, 0, 4
9074: 18.614957, 3197.402113, 7, 0, 7
9129: 17.770048, 3207.443864, 4, 0, 4
9102: 18.731244, 3211.918941, 3, 0, 3
8805: 18.688290, 3353.070078, 4, 0, 4
9252: 14.426043, 2726.804390, 4, 0, 4
8762: 26.168879, 3360.512806, 6, 0, 6
9162: 17.003017, 3246.911025, 5, 0, 5
8815: 18.837630, 3372.790892, 5, 0, 5
9057: 19.453819, 3373.169287, 5, 0, 5
9159: 17.249212, 3259.067389, 4, 0, 4
8915: 20.887908, 3376.159888, 6, 0, 6
8928: 20.929946, 3384.230872, 6, 0, 6
8960: 19.271009, 3385.347042, 7, 0, 7
9013: 19.806397, 3387.038192, 5, 0, 5
9015: 19.778252, 3390.309358, 5, 0, 5
9058: 19.597237, 3391.140961, 5, 0, 5
9000: 20.228708, 3397.998442, 5, 0, 5
9119: 19.286988, 3298.741586, 5, 0, 5
8895: 19.377025, 3421.890049, 5, 0, 5
9075: 19.431092, 3304.447334, 5, 0, 5
9134: 18.820162, 3314.197365, 4, 0, 4
8850: 17.553843, 3437.086720, 4, 0, 4
8842: 17.564613, 3445.316289, 3, 0, 3
9034: 19.918375, 3437.134321, 6, 0, 6
8887: 17.584142, 3448.372557, 6, 0, 6
8774: 20.888806, 3451.172511, 5, 0, 5
8936: 20.126320, 3448.084470, 9, 0, 9
8998: 20.750919, 3446.445360, 7, 0, 7
9031: 20.173348, 3447.358664, 6, 0, 6
9055: 20.191850, 3448.860240, 5, 0, 5
9259: 14.686882, 2831.112157, 4, 0, 4
8952: 23.182817, 3449.160296, 7, 0, 7
8922: 20.343388, 3460.202742, 6, 0, 6
8919: 20.391626, 3462.931595, 6, 0, 6
9044: 20.381705, 3464.256146, 5, 0, 5
8765: 27.261509, 3470.031233, 6, 0, 6
9087: 19.752972, 3356.375559, 5, 0, 5
8835: 31.466157, 3467.931321, 16, 0, 16
9018: 20.512091, 3481.534717, 9, 0, 9
8926: 21.152346, 3487.728546, 6, 0, 6
9143: 19.376326, 3373.295940, 5, 0, 5
9117: 19.928362, 3378.310800, 5, 0, 5
8907: 20.146551, 3497.214939, 4, 0, 4
8942: 23.630612, 3494.059544, 8, 0, 8
9161: 18.030558, 3379.171288, 5, 0, 5
8784: 16.690696, 3504.354474, 4, 0, 4
9020: 20.472116, 3493.441517, 5, 0, 5
9100: 21.730101, 3381.609175, 6, 0, 6
9107: 20.368300, 3386.044131, 5, 0, 5
8807: 20.212127, 3507.628799, 5, 0, 5
8899: 17.898961, 3507.316452, 5, 0, 5
8864: 18.935966, 3511.152869, 3, 0, 3
9096: 20.039135, 3394.784360, 6, 0, 6
9082: 21.384657, 3398.610925, 7, 0, 7
8917: 20.660860, 3516.387101, 6, 0, 6
9070: 26.124680, 3479.707422, 6, 0, 6
9021: 21.525495, 3516.191520, 6, 0, 6
9152: 18.458512, 3409.988894, 6, 0, 6
8980: 20.616674, 3536.436955, 5, 0, 5
9054: 21.048373, 3545.857635, 5, 0, 5
8953: 24.168146, 3555.904054, 9, 0, 9
9136: 20.162801, 3444.521965, 5, 0, 5
8958: 20.514200, 3571.017326, 7, 0, 7
8802: 17.177316, 3582.862463, 7, 0, 7
9118: 20.497270, 3478.909178, 7, 0, 7
8971: 24.430211, 3599.039826, 6, 0, 6
8906: 18.412431, 3606.971896, 5, 0, 5
8870: 18.484544, 3623.931756, 6, 0, 6
8979: 20.252537, 3623.557643, 7, 0, 7
9052: 22.816314, 3621.491707, 6, 0, 6
8954: 22.482258, 3629.202603, 6, 0, 6
8924: 21.425436, 3639.390157, 8, 0, 8
9146: 20.230635, 3520.528791, 5, 0, 5
9261: 15.677646, 3021.790688, 7, 0, 7
8811: 21.125384, 3653.198718, 8, 0, 8
8881: 20.501464, 3651.732789, 5, 0, 5
8786: 18.181677, 3658.792640, 5, 0, 5
8886: 18.704754, 3659.387839, 13, 0, 13
9265: 15.645396, 3041.572374, 4, 0, 4
9316: 11.654853, 2494.911047, 3, 0, 3
8856: 18.802661, 3675.625445, 7, 0, 7
9164: 18.861179, 3552.944139, 5, 0, 5
9120: 21.022548, 3557.094633, 5, 0, 5
8959: 20.967491, 3676.992341, 6, 0, 6
8869: 20.821114, 3685.196574, 4, 0, 4
9037: 21.543425, 3683.389690, 7, 0, 7
8833: 18.881179, 3692.290105, 5, 0, 5
9114: 20.980555, 3573.181930, 5, 0, 5
9264: 15.890172, 3073.156264, 4, 0, 4
9041: 21.646435, 3699.494825, 5, 0, 5
9220: 15.791314, 3086.552231, 4, 0, 4
8918: 21.761706, 3710.893598, 6, 0, 6
9148: 19.947314, 3592.307419, 5, 0, 5
8847: 19.170198, 3727.889387, 7, 0, 7
9008: 22.120560, 3720.135150, 7, 0, 7
9106: 23.308694, 3611.684824, 5, 0, 5
8933: 24.932549, 3727.774878, 8, 0, 8
9040: 21.804799, 3734.922842, 6, 0, 6
9160: 19.235839, 3625.284288, 5, 0, 5
8838: 19.424376, 3755.598915, 7, 0, 7
8866: 19.461144, 3759.059623, 11, 0, 11
8984: 22.900596, 3757.710653, 6, 0, 6
8828: 19.501046, 3767.957723, 11, 0, 11
9140: 20.884559, 3651.723665, 5, 0, 5
9240: 17.164122, 3152.460112, 5, 0, 5
9112: 21.275316, 3656.806169, 5, 0, 5
8935: 26.591009, 3769.424169, 7, 0, 7
9010: 22.300947, 3771.497232, 6, 0, 6
9266: 18.495597, 3158.883096, 4, 0, 4
8799: 18.533552, 3790.466701, 6, 0, 6
9025: 21.999001, 3787.339800, 8, 0, 8
8994: 22.808105, 3795.916958, 6, 0, 6
9113: 21.371155, 3685.092217, 8, 0, 8
8986: 24.825548, 3798.051193, 6, 0, 6
9027: 22.076547, 3801.518771, 7, 0, 7
8776: 24.961135, 3804.288812, 22, 0, 22
9104: 21.374545, 3687.390623, 5, 0, 5
9091: 21.379609, 3690.321019, 5, 0, 5
9221: 16.213316, 3194.132219, 4, 0, 4
8947: 23.380333, 3816.443697, 7, 0, 7
9017: 22.231362, 3823.342797, 5, 0, 5
8848: 20.036835, 3838.686848, 8, 0, 8
9116: 17.549971, 2904.258392, 4, 0, 4
9223: 16.314666, 3225.875030, 5, 0, 5
8862: 20.198323, 3850.123574, 8, 0, 8
8905: 20.302630, 3857.108227, 7, 0, 7
8880: 20.350778, 3862.479875, 5, 0, 5
8845: 20.561166, 3863.917337, 4, 0, 4
8780: 19.176830, 3269.531612, 4, 0, 4
8787: 21.225877, 3867.420086, 6, 0, 6
8798: 20.078508, 3872.058191, 5, 0, 5
9061: 22.368420, 3866.705617, 6, 0, 6
9145: 21.043581, 3752.210071, 5, 0, 5
8781: 19.305187, 3878.324563, 5, 0, 5
9211: 16.402192, 3254.432254, 5, 0, 5
9026: 22.460387, 3874.977158, 5, 0, 5
9277: 15.419868, 3261.628333, 4, 0, 4
9011: 22.833843, 3883.568257, 6, 0, 6
8983: 24.837805, 3885.949266, 10, 0, 10
8868: 20.596030, 3897.394531, 5, 0, 5
9033: 22.561190, 3894.758800, 11, 0, 11
8831: 20.624423, 3907.546629, 5, 0, 5
8878: 20.626416, 3907.377117, 7, 0, 7
9239: 18.254990, 3282.222028, 5, 0, 5
8820: 21.944424, 3913.835134, 5, 0, 5
8871: 20.782962, 3917.419148, 5, 0, 5
8855: 20.803857, 3919.622624, 5, 0, 5
8985: 23.613202, 3911.151739, 6, 0, 6
8948: 25.446362, 3917.438339, 6, 0, 6
8982: 23.476518, 3923.032450, 6, 0, 6
9226: 16.485177, 3309.482707, 4, 0, 4
9257: 18.058003, 3307.005155, 5, 0, 5
9139: 21.381045, 3813.937559, 5, 0, 5
8782: 21.148882, 3939.937231, 5, 0, 5
8997: 23.438365, 3934.807779, 6, 0, 6
9131: 20.759428, 3820.048211, 6, 0, 6
9173: 16.376670, 3319.639248, 4, 0, 4
9060: 22.749584, 3935.951451, 5, 0, 5
8955: 24.623498, 3939.957920, 7, 0, 7
8909: 25.007599, 3942.793905, 9, 0, 9
9235: 16.543079, 3322.390355, 4, 0, 4
9093: 21.872388, 3834.060461, 8, 0, 8
9169: 16.411332, 3331.222587, 4, 0, 4
9157: 20.188811, 3844.157175, 6, 0, 6
9092: 22.049780, 3845.580142, 5, 0, 5
8819: 22.193479, 3973.345852, 6, 0, 6
9047: 24.543444, 3976.098130, 6, 0, 6
9127: 21.444325, 3871.770205, 7, 0, 7
9022: 23.109901, 4002.242779, 6, 0, 6
9099: 22.320313, 3893.308793, 8, 0, 8
9147: 21.462553, 3891.633985, 5, 0, 5
9094: 22.327224, 3895.313598, 5, 0, 5
9286: 16.545058, 3392.206291, 4, 0, 4
9163: 20.352669, 3899.400791, 5, 0, 5
8884: 21.230372, 4024.282278, 15, 0, 15
9014: 23.529323, 4022.623863, 6, 0, 6
8940: 26.015522, 4029.865320, 8, 0, 8
8968: 26.048092, 4037.306361, 6, 0, 6
8810: 22.580279, 4048.170725, 7, 0, 7
8875: 21.295984, 4044.778705, 6, 0, 6
8941: 26.078871, 4043.319360, 7, 0, 7
8817: 22.720064, 4057.151931, 6, 0, 6
9151: 20.941856, 3943.281539, 5, 0, 5
8837: 21.339002, 4069.586993, 7, 0, 7
8858: 22.818630, 4071.457313, 6, 0, 6
9123: 22.343722, 3955.517908, 7, 0, 7
9156: 20.942609, 3955.800365, 8, 0, 8
8975: 26.361972, 4072.933125, 7, 0, 7
9234: 17.371449, 3457.309953, 4, 0, 4
9243: 18.958317, 3463.616434, 5, 0, 5
9125: 22.343753, 3971.594962, 8, 0, 8
9124: 22.526149, 3972.362774, 6, 0, 6
8879: 21.446475, 4100.637181, 6, 0, 6
9267: 18.281307, 3477.537826, 5, 0, 5
8809: 23.228791, 4104.802056, 5, 0, 5
9165: 21.030666, 3986.730845, 7, 0, 7
8778: 20.285329, 4112.474148, 5, 0, 5
8897: 22.530415, 4111.066823, 6, 0, 6
9199: 17.936317, 3489.321759, 6, 0, 6
8903: 21.504314, 4120.443639, 6, 0, 6
8930: 23.306286, 4125.388356, 7, 0, 7
8783: 20.375586, 4133.277209, 5, 0, 5
8883: 21.574486, 4136.439082, 7, 0, 7
9098: 23.545722, 4019.185809, 6, 0, 6
8882: 21.602689, 4140.021702, 6, 0, 6
9083: 23.380517, 4024.427445, 6, 0, 6
8962: 26.071338, 4149.235500, 8, 0, 8
9256: 19.103007, 3555.539611, 4, 0, 4
8832: 21.982510, 4183.003019, 6, 0, 6
8785: 20.815724, 4185.937151, 5, 0, 5
8876: 22.028127, 4183.734393, 9, 0, 9
9238: 19.613245, 3560.813823, 5, 0, 5
9144: 22.934637, 4065.708281, 5, 0, 5
8849: 22.093015, 4188.819895, 6, 0, 6
9079: 23.591420, 4076.024934, 6, 0, 6
9005: 24.023488, 4197.868233, 7, 0, 7
9045: 23.611240, 4206.895967, 6, 0, 6
8846: 22.255971, 4214.667389, 6, 0, 6
9191: 17.271127, 3594.990666, 4, 0, 4
9028: 24.571967, 4212.565216, 5, 0, 5
8788: 21.135804, 4223.306865, 5, 0, 5
8789: 21.206328, 4231.215888, 5, 0, 5
9089: 24.018352, 4112.850166, 5, 0, 5
9002: 24.316844, 4230.131449, 7, 0, 7
8904: 22.427988, 4234.978643, 9, 0, 9
9224: 18.824279, 3615.887527, 6, 0, 6
8988: 24.737768, 4242.808665, 6, 0, 6
9097: 24.071434, 4126.858650, 6, 0, 6
9046: 23.896470, 4245.339700, 6, 0, 6
8863: 22.619123, 4252.265192, 10, 0, 10
8824: 24.635158, 4254.601942, 5, 0, 5
8851: 22.657651, 4260.587589, 12, 0, 12
8991: 24.830678, 4257.951002, 11, 0, 11
8978: 21.472955, 4265.257888, 5, 0, 5
9024: 24.419389, 4261.502994, 7, 0, 7
8806: 24.087863, 4267.755247, 7, 0, 7
8793: 21.576153, 4282.804277, 6, 0, 6
8779: 21.593394, 4285.668620, 6, 0, 6
9122: 23.983093, 4161.429087, 6, 0, 6
9056: 24.141679, 4276.597250, 6, 0, 6
9153: 24.347861, 4164.110847, 8, 0, 8
9218: 19.109011, 3665.667891, 7, 0, 7
9189: 19.267157, 3664.235104, 4, 0, 4
8896: 22.888857, 4290.816809, 7, 0, 7
9149: 24.272193, 4168.125070, 5, 0, 5
9154: 22.627368, 4173.000766, 5, 0, 5
9299: 15.051834, 3119.958485, 3, 0, 3
9242: 20.527653, 3667.039989, 11, 0, 11
9231: 20.585403, 3677.319623, 5, 0, 5
9006: 24.711654, 4297.215974, 9, 0, 9
9166: 18.206863, 3698.361871, 4, 0, 4
9032: 24.466866, 4316.993181, 7, 0, 7
9023: 24.554178, 4318.463447, 6, 0, 6
9090: 24.558981, 4206.928486, 8, 0, 8
8814: 24.294207, 4331.357079, 7, 0, 7
8981: 25.156935, 4325.548409, 6, 0, 6
9009: 25.139066, 4325.790160, 6, 0, 6
8808: 24.324376, 4337.324195, 7, 0, 7
9088: 26.843249, 4216.594745, 7, 0, 7
8999: 25.433129, 4332.957070, 13, 0, 13
9001: 26.465044, 4336.024055, 7, 0, 7
9215: 19.462863, 3719.357930, 7, 0, 7
8804: 24.349159, 4343.937182, 6, 0, 6
9049: 24.943347, 4336.798150, 6, 0, 6
8797: 22.159483, 4346.527214, 6, 0, 6
8812: 26.422156, 4345.135274, 6, 0, 6
8889: 24.454511, 4345.960752, 12, 0, 12
9182: 18.586467, 3727.314137, 5, 0, 5
9029: 25.007759, 4348.696093, 6, 0, 6
8775: 27.852354, 4357.212135, 7, 0, 7
9003: 25.564036, 4352.664197, 11, 0, 11
9289: 17.741088, 3735.486006, 6, 0, 6
8977: 28.105443, 4353.288365, 7, 0, 7
8829: 23.615519, 4359.832699, 5, 0, 5
9004: 25.628360, 4356.823277, 6, 0, 6
8854: 23.776148, 4371.730679, 12, 0, 12
8927: 25.276978, 4371.222948, 9, 0, 9
9081: 24.941162, 4254.864548, 6, 0, 6
9110: 24.971711, 4254.597852, 6, 0, 6
9048: 25.311638, 4371.648731, 6, 0, 6
8792: 18.321663, 3706.013956, 5, 0, 5
8839: 23.962180, 4383.549487, 7, 0, 7
8967: 25.065045, 4382.475239, 8, 0, 8
8790: 22.839584, 4389.989190, 6, 0, 6
8902: 24.058464, 4387.647272, 7, 0, 7
9167: 19.078765, 3772.967271, 5, 0, 5
9362: 17.492367, 3219.616125, 4, 0, 4
9251: 21.481040, 3783.933502, 6, 0, 6
8995: 26.341921, 4403.997801, 11, 0, 11
9269: 21.008915, 3785.738844, 9, 0, 9
9175: 19.255002, 3790.792982, 5, 0, 5
9207: 19.868279, 3786.836159, 5, 0, 5
9176: 19.784113, 3792.035356, 7, 0, 7
9245: 21.750013, 3791.785871, 6, 0, 6
8877: 24.340114, 4429.408196, 5, 0, 5
8890: 24.396646, 4429.332407, 8, 0, 8
9076: 25.280045, 4318.470102, 7, 0, 7
9198: 20.101927, 3815.500799, 6, 0, 6
9290: 18.414445, 3818.379581, 7, 0, 7
8990: 26.697238, 4439.661813, 9, 0, 9
9187: 20.166846, 3827.210555, 6, 0, 6
8825: 25.146338, 4450.287044, 7, 0, 7
9158: 23.584140, 4336.602141, 8, 0, 8
9038: 25.913667, 4451.043610, 8, 0, 8
8813: 25.348250, 4462.491046, 8, 0, 8
9080: 25.455293, 4342.395182, 6, 0, 6
9062: 25.946212, 4458.225653, 6, 0, 6
9260: 21.691457, 3839.393990, 5, 0, 5
9356: 19.520188, 3293.529930, 4, 0, 4
9204: 20.285433, 3846.357028, 7, 0, 7
8916: 26.136444, 4474.498161, 7, 0, 7
8827: 25.389252, 4477.787569, 6, 0, 6
8898: 24.780555, 4476.382725, 7, 0, 7
9254: 24.089296, 3853.578302, 5, 0, 5
9109: 25.706379, 4361.084150, 9, 0, 9
9137: 24.810631, 4360.232722, 6, 0, 6
8796: 23.695357, 4493.076148, 7, 0, 7
8892: 24.892424, 4489.552384, 12, 0, 12
9132: 24.715246, 4368.658916, 7, 0, 7
8853: 24.898446, 4497.864484, 12, 0, 12
9105: 25.862390, 4376.915333, 6, 0, 6
9366: 18.321633, 3324.347197, 8, 0, 8
9195: 19.935563, 3875.288283, 5, 0, 5
9108: 25.885538, 4380.727564, 9, 0, 9
9306: 16.070814, 3334.926493, 4, 0, 4
9073: 25.993782, 4389.905152, 11, 0, 11
8938: 27.207433, 4505.293244, 8, 0, 8
8852: 25.126312, 4509.409420, 13, 0, 13
9051: 26.394072, 4506.092989, 8, 0, 8
9208: 20.872381, 3898.334021, 6, 0, 6
9315: 16.122127, 3350.735297, 4, 0, 4
8965: 26.172666, 4525.093978, 8, 0, 8
9381: 15.809709, 3361.071671, 4, 0, 4
9268: 22.094440, 3914.653665, 7, 0, 7
9222: 20.966124, 3917.207328, 7, 0, 7
8865: 25.332885, 4544.770944, 10, 0, 10
9202: 21.036108, 3921.703566, 5, 0, 5
9228: 20.274948, 3926.192003, 5, 0, 5
9179: 20.241128, 3927.698286, 4, 0, 4
8826: 25.343046, 4550.361005, 9, 0, 9
9203: 21.089366, 3929.760658, 5, 0, 5
9247: 23.902693, 3925.625977, 5, 0, 5
9043: 26.687360, 4552.255531, 7, 0, 7
8795: 24.274617, 4563.952815, 7, 0, 7
9248: 22.875772, 3935.383362, 7, 0, 7
8861: 26.091471, 4564.659866, 9, 0, 9
8911: 27.927770, 4566.082396, 6, 0, 6
8943: 26.511756, 4570.088268, 7, 0, 7
8961: 26.882321, 4569.183593, 8, 0, 8
9135: 25.575332, 4471.575020, 7, 0, 7
9213: 21.330775, 3973.375722, 5, 0, 5
9237: 20.632291, 3985.531251, 5, 0, 5
9216: 21.414863, 3993.436317, 6, 0, 6
9115: 26.863867, 4516.942884, 10, 0, 10
9168: 20.806323, 4016.940805, 4, 0, 4
9128: 26.068241, 4517.667837, 7, 0, 7
8823: 26.559678, 4641.521872, 6, 0, 6
9317: 17.052123, 3470.595070, 4, 0, 4
9280: 20.480845, 4019.984712, 5, 0, 5
9183: 20.839226, 4022.487155, 5, 0, 5
9236: 21.083660, 4032.694871, 5, 0, 5
9270: 20.371505, 4033.217034, 4, 0, 4
9133: 26.216534, 4539.604534, 8, 0, 8
9281: 20.150868, 4049.187198, 5, 0, 5
9233: 23.246167, 4051.058783, 5, 0, 5
8818: 28.207898, 4679.157137, 7, 0, 7
9194: 22.029432, 4065.214470, 6, 0, 6
9126: 26.633624, 4571.051548, 10, 0, 10
9111: 27.334187, 4575.028638, 8, 0, 8
9077: 27.357638, 4580.333130, 7, 0, 7
8939: 27.521479, 4704.376996, 12, 0, 12
9278: 20.618153, 4087.915548, 5, 0, 5
9155: 25.685329, 4598.330278, 7, 0, 7
9294: 17.207439, 3549.659624, 4, 0, 4
9397: 16.902758, 3567.049746, 5, 0, 5
9229: 21.765468, 4125.600909, 7, 0, 7
9101: 27.967352, 4635.069212, 8, 0, 8
9193: 21.472949, 4142.040387, 7, 0, 7
9282: 20.820924, 4155.733648, 6, 0, 6
8816: 27.863874, 4783.840217, 8, 0, 8
9376: 18.070492, 3614.867226, 5, 0, 5
9019: 27.905998, 4785.637213, 10, 0, 10
9284: 20.849205, 4171.959881, 5, 0, 5
9296: 17.706937, 3633.135336, 4, 0, 4
9379: 18.149744, 3637.206733, 4, 0, 4
9335: 18.032980, 3638.199080, 5, 0, 5
8822: 27.548853, 4815.867699, 7, 0, 7
8989: 29.079957, 4817.499751, 9, 0, 9
9192: 21.827891, 4205.258660, 5, 0, 5
9398: 17.804437, 3654.151432, 5, 0, 5
8966: 28.693384, 4830.866622, 10, 0, 10
9103: 28.663330, 4715.266329, 9, 0, 9
9355: 19.259568, 3670.882679, 5, 0, 5
9490: 15.676403, 3117.877442, 4, 0, 4
9181: 22.307192, 4237.288514, 6, 0, 6
8992: 29.957075, 4857.186334, 13, 0, 13
9219: 23.779188, 4246.895604, 7, 0, 7
8872: 26.064139, 4875.837484, 8, 0, 8
9121: 28.810292, 4752.747251, 8, 0, 8
9373: 19.374470, 3701.722248, 10, 0, 10
9185: 22.463082, 4252.768863, 7, 0, 7
8859: 28.339571, 4878.125326, 7, 0, 7
9255: 23.363980, 4258.315626, 5, 0, 5
9241: 23.776740, 4258.693464, 10, 0, 10
9324: 18.704312, 3723.643088, 4, 0, 4
9244: 23.921341, 4274.188846, 5, 0, 5
8860: 26.496354, 4902.121712, 7, 0, 7
9141: 27.545781, 4782.599885, 7, 0, 7
8830: 26.627609, 4908.511828, 7, 0, 7
9190: 25.123299, 4281.973031, 5, 0, 5
9214: 24.148708, 4286.541935, 7, 0, 7
8891: 26.698552, 4910.973664, 15, 0, 15
8973: 31.886570, 4907.405791, 8, 0, 8
9341: 18.967322, 3743.899151, 7, 0, 7
9344: 20.098806, 3741.738741, 6, 0, 6
9246: 25.055505, 4292.550496, 6, 0, 6
8800: 25.596714, 4924.119379, 6, 0, 6
9372: 21.467894, 3747.268310, 5, 0, 5
9445: 17.182460, 3186.956430, 6, 0, 6
8894: 26.858083, 4924.028778, 10, 0, 10
9364: 20.935157, 3751.935350, 5, 0, 5
9479: 16.491793, 3189.091864, 4, 0, 4
9305: 19.265878, 3760.435309, 6, 0, 6
9253: 24.209662, 4307.012302, 9, 0, 9
9402: 18.756984, 3759.025653, 6, 0, 6
9374: 20.230456, 3760.050385, 5, 0, 5
9347: 20.467233, 3761.143020, 5, 0, 5
8843: 27.073335, 4936.403739, 9, 0, 9
9387: 19.226710, 3761.249095, 5, 0, 5
9333: 19.150463, 3763.349687, 5, 0, 5
9301: 19.801481, 3763.615913, 4, 0, 4
9186: 24.217450, 4315.576050, 6, 0, 6
9206: 24.542504, 4318.060780, 6, 0, 6
9309: 19.758486, 3782.746205, 6, 0, 6
9197: 24.647055, 4330.279653, 8, 0, 8
9470: 18.681440, 3219.228844, 7, 0, 7
9453: 16.316956, 3225.962147, 4, 0, 4
9338: 19.453178, 3802.148749, 4, 0, 4
9302: 20.006577, 3807.034029, 8, 0, 8
9352: 21.256424, 3804.323392, 5, 0, 5
9142: 28.367084, 4860.194373, 7, 0, 7
9172: 24.352712, 4359.862630, 6, 0, 6
9217: 24.874937, 4357.598215, 7, 0, 7
8791: 26.705334, 4985.862227, 10, 0, 10
8840: 27.908783, 4984.690563, 8, 0, 8
9249: 25.324103, 4358.386617, 5, 0, 5
9130: 29.084931, 4863.892885, 5, 0, 5
8777: 26.856193, 4993.934250, 8, 0, 8
8893: 28.051882, 4991.356259, 8, 0, 8
9304: 22.126679, 3818.591225, 5, 0, 5
9525: 15.142037, 3253.124944, 4, 0, 4
9493: 16.940086, 3257.195794, 5, 0, 5
9300: 20.145593, 3830.557974, 5, 0, 5
9320: 19.750845, 3835.074077, 5, 0, 5
8857: 28.259898, 5010.408394, 9, 0, 9
8900: 28.294481, 5009.511402, 11, 0, 11
9230: 24.326213, 4385.918235, 6, 0, 6
9368: 21.710600, 3843.466591, 6, 0, 6
9403: 19.396987, 3845.256363, 5, 0, 5
9370: 23.184448, 3845.526813, 6, 0, 6
9318: 19.938057, 3858.746132, 5, 0, 5
9393: 19.789221, 3864.396698, 5, 0, 5
9392: 19.892387, 3872.213327, 4, 0, 4
9436: 17.650078, 3313.204262, 5, 0, 5
9201: 25.407409, 4429.396038, 6, 0, 6
9351: 22.207181, 3883.352504, 7, 0, 7
9310: 24.169423, 3886.289512, 7, 0, 7
9262: 25.962822, 4443.499117, 10, 0, 10
9212: 25.664746, 4461.581968, 9, 0, 9
9177: 26.789005, 4463.565813, 6, 0, 6
9263: 26.095851, 4463.255246, 7, 0, 7
9174: 26.687840, 4469.325888, 7, 0, 7
9322: 20.295143, 3925.991029, 5, 0, 5
9321: 20.754235, 3929.551346, 6, 0, 6
9496: 17.767165, 3367.536041, 4, 0, 4
9276: 23.443381, 4485.192810, 6, 0, 6
9377: 20.892534, 3935.659463, 7, 0, 7
9274: 23.539937, 4497.559452, 5, 0, 5
9386: 20.968431, 3951.915043, 6, 0, 6
8867: 29.402862, 5132.664906, 7, 0, 7
8901: 29.410845, 5135.862485, 15, 0, 15
9188: 26.476492, 4534.206946, 7, 0, 7
9319: 21.093891, 3993.064657, 6, 0, 6
9452: 19.465338, 3439.152537, 7, 0, 7
9326: 21.174639, 4013.581698, 6, 0, 6
9209: 26.750677, 4560.612202, 7, 0, 7
8794: 22.961048, 4399.962175, 6, 0, 6
9225: 25.286328, 4568.888872, 5, 0, 5
9399: 21.344403, 4018.682263, 6, 0, 6
9422: 17.943472, 3489.273090, 5, 0, 5
9407: 18.161659, 3493.943729, 6, 0, 6
9535: 15.364614, 2696.578600, 6, 0, 6
9200: 26.700964, 4608.014474, 6, 0, 6
9502: 18.018384, 3507.874222, 5, 0, 5
9359: 23.391251, 4070.601884, 6, 0, 6
9515: 19.861578, 3509.246635, 5, 0, 5
9367: 23.463001, 4073.873652, 8, 0, 8
9271: 25.146263, 4627.916929, 7, 0, 7
9378: 22.213505, 4082.299044, 10, 0, 10
9327: 23.471846, 4082.544785, 4, 0, 4
9404: 21.480481, 4083.014844, 6, 0, 6
9297: 22.393450, 4085.960031, 7, 0, 7
9311: 23.160030, 4088.361295, 6, 0, 6
9488: 19.413208, 3527.215070, 9, 0, 9
9210: 27.298107, 4647.420859, 10, 0, 10
9285: 25.020904, 4647.520277, 6, 0, 6
9380: 22.227679, 4099.922476, 7, 0, 7
9365: 23.671164, 4101.405872, 6, 0, 6
9178: 25.946403, 4657.500563, 7, 0, 7
9325: 22.304209, 4111.675703, 5, 0, 5
8844: 30.603051, 5300.246406, 11, 0, 11
9205: 27.520360, 4675.252034, 7, 0, 7
9357: 24.003782, 4125.295067, 11, 0, 11
9273: 25.562960, 4675.210000, 6, 0, 6
9406: 21.759924, 4126.141075, 7, 0, 7
9371: 24.007000, 4128.817559, 9, 0, 9
9342: 23.513706, 4130.110808, 5, 0, 5
9196: 26.420157, 4684.847632, 10, 0, 10
9293: 23.401838, 4139.532544, 7, 0, 7
9413: 19.324761, 3576.595054, 7, 0, 7
9499: 19.500694, 3577.977322, 5, 0, 5
9232: 26.567271, 4691.738409, 7, 0, 7
9520: 18.536128, 3581.877976, 4, 0, 4
9395: 22.260259, 4145.740708, 8, 0, 8
9279: 25.632177, 4700.018854, 6, 0, 6
9250: 28.470148, 4701.348290, 11, 0, 11
9409: 20.014418, 3592.591584, 4, 0, 4
9287: 25.679831, 4711.610558, 7, 0, 7
9345: 24.864609, 4167.425119, 10, 0, 10
9291: 25.742038, 4718.602060, 8, 0, 8
9353: 24.993009, 4176.223556, 14, 0, 14
9465: 19.401435, 3618.836937, 4, 0, 4
9354: 24.995736, 4180.453320, 6, 0, 6
9184: 27.237775, 4736.412866, 8, 0, 8
9503: 19.342566, 3630.823696, 5, 0, 5
9303: 26.417850, 4196.575892, 6, 0, 6
9295: 24.743482, 4202.412479, 7, 0, 7
9298: 23.605900, 4207.206957, 8, 0, 8
9464: 19.587052, 3642.418277, 4, 0, 4
9476: 20.601936, 3641.061477, 7, 0, 7
9340: 23.316509, 4210.355928, 7, 0, 7
9582: 16.037916, 2857.155779, 5, 0, 5
9489: 20.780267, 3655.606690, 5, 0, 5
9170: 28.424778, 4771.550751, 7, 0, 7
9272: 26.637775, 4770.377472, 7, 0, 7
9360: 25.423581, 4219.872579, 11, 0, 11
9227: 27.491156, 4772.038413, 6, 0, 6
9313: 23.548412, 4226.777888, 6, 0, 6
9486: 20.930441, 3660.436577, 8, 0, 8
9405: 23.043844, 4232.785207, 7, 0, 7
9416: 24.302584, 3671.048171, 8, 0, 8
9385: 24.826262, 4235.478168, 9, 0, 9
9506: 19.900524, 3677.817969, 5, 0, 5
9171: 27.815219, 4793.693831, 8, 0, 8
9330: 23.855088, 4243.805882, 6, 0, 6
9307: 23.921584, 4247.558749, 6, 0, 6
9427: 22.637437, 3684.507310, 5, 0, 5
9180: 28.046290, 4811.667482, 7, 0, 7
9473: 21.383347, 3700.365534, 4, 0, 4
9500: 21.028990, 3704.271979, 5, 0, 5
9401: 23.644918, 4272.393921, 7, 0, 7
9511: 20.220253, 3712.515513, 6, 0, 6
9481: 22.961055, 3710.562533, 7, 0, 7
9450: 22.884944, 3715.890341, 6, 0, 6
9474: 22.946944, 3715.362419, 4, 0, 4
9563: 16.353760, 2922.857952, 4, 0, 4
9421: 22.796983, 3720.530321, 4, 0, 4
9389: 24.303942, 4284.141196, 6, 0, 6
9449: 21.085298, 3725.417157, 5, 0, 5
9339: 24.398314, 4289.228513, 4, 0, 4
9528: 21.180940, 3727.118550, 3, 0, 3
9414: 23.440170, 3728.443473, 7, 0, 7
9390: 24.400103, 4295.763909, 9, 0, 9
9334: 24.434414, 4297.310472, 8, 0, 8
9384: 24.602040, 4303.880199, 9, 0, 9
9358: 26.385331, 4306.736953, 9, 0, 9
9534: 18.419114, 2950.000464, 5, 0, 5
9349: 26.436327, 4311.206484, 8, 0, 8
9337: 24.699524, 4321.352178, 6, 0, 6
9419: 22.592530, 3758.245207, 6, 0, 6
9433: 23.113494, 3759.740361, 5, 0, 5
9388: 24.753846, 4337.710658, 8, 0, 8
9592: 17.344599, 2979.532052, 7, 0, 7
9410: 21.615469, 3780.834834, 6, 0, 6
9527: 20.509454, 3779.812438, 5, 0, 5
9423: 21.666816, 3796.834679, 5, 0, 5
9574: 18.074129, 3004.114905, 8, 0, 8
9440: 22.776169, 3804.376674, 5, 0, 5
9350: 26.797427, 4370.662509, 9, 0, 9
9468: 21.550631, 3808.490832, 5, 0, 5
9437: 24.456334, 3807.291180, 8, 0, 8
9548: 17.297633, 3014.772411, 5, 0, 5
9482: 22.945227, 3812.022714, 6, 0, 6
9478: 22.959486, 3814.972149, 6, 0, 6
9505: 21.426416, 3815.723614, 6, 0, 6
9508: 21.362782, 3817.991888, 4, 0, 4
9531: 20.723095, 3819.556076, 5, 0, 5
9283: 28.269905, 4932.409791, 7, 0, 7
9329: 26.439427, 4387.926732, 7, 0, 7
9458: 23.485414, 3824.689194, 5, 0, 5
9375: 26.751279, 4389.821543, 7, 0, 7
9444: 23.058946, 3828.013338, 7, 0, 7
9336: 25.413744, 4397.574134, 6, 0, 6
9551: 17.478919, 3039.963929, 4, 0, 4
9275: 28.900647, 4948.727375, 7, 0, 7
9328: 25.550700, 4401.504842, 9, 0, 9
9540: 19.394242, 3044.051979, 5, 0, 5
9369: 27.085740, 4405.763885, 8, 0, 8
9383: 25.792168, 4406.652497, 8, 0, 8
9292: 25.071096, 4418.575579, 7, 0, 7
9429: 22.247366, 3853.126759, 6, 0, 6
9446: 23.205203, 3855.761433, 6, 0, 6
9522: 21.527095, 3855.481000, 6, 0, 6
9556: 17.906633, 3063.739998, 3, 0, 3
9361: 27.275110, 4422.495292, 9, 0, 9
9323: 26.339194, 4424.002112, 6, 0, 6
9472: 23.310816, 3859.265183, 7, 0, 7
9400: 25.984540, 4426.061264, 7, 0, 7
9332: 26.014232, 4428.106328, 7, 0, 7
9363: 27.331997, 4429.675366, 6, 0, 6
9461: 22.450463, 3872.687596, 6, 0, 6
9497: 23.051278, 3874.894887, 6, 0, 6
9432: 22.498228, 3880.991787, 6, 0, 6
9288: 29.135855, 4995.295102, 7, 0, 7
9346: 27.570397, 4450.248014, 7, 0, 7
9331: 26.458939, 4451.827427, 6, 0, 6
9463: 22.784732, 3888.197957, 6, 0, 6
9314: 26.883619, 4455.627604, 7, 0, 7
9585: 18.711734, 3094.453961, 7, 0, 7
9459: 23.291265, 3891.627308, 6, 0, 6
9471: 24.582132, 3893.682871, 6, 0, 6
9510: 22.987298, 3894.289810, 6, 0, 6
9526: 22.642026, 3902.330597, 5, 0, 5
9501: 23.271068, 3906.755520, 7, 0, 7
9343: 27.219500, 4471.377887, 7, 0, 7
9521: 22.959025, 3909.949133, 5, 0, 5
9348: 27.852368, 4481.967015, 9, 0, 9
9447: 23.333665, 3919.985887, 5, 0, 5
9435: 22.970443, 3921.579152, 8, 0, 8
9312: 27.535036, 4495.125589, 8, 0, 8
9455: 23.218059, 3935.447901, 7, 0, 7
9424: 20.843462, 3659.806852, 4, 0, 4
9434: 23.325361, 3939.583292, 9, 0, 9
9462: 23.895516, 3938.149685, 7, 0, 7
9578: 19.395107, 3141.745525, 4, 0, 4
9394: 26.711166, 4505.798479, 8, 0, 8
9544: 19.707943, 3148.014445, 6, 0, 6
9517: 23.547963, 3942.610762, 6, 0, 6
9507: 23.950404, 3944.863355, 6, 0, 6
9514: 23.773849, 3946.773260, 5, 0, 5
9491: 24.132253, 3945.104300, 7, 0, 7
9523: 23.597688, 3948.844813, 6, 0, 6
9441: 23.510673, 3953.975908, 7, 0, 7
9538: 20.239512, 3163.372773, 5, 0, 5
9557: 20.258324, 3164.512874, 5, 0, 5
9454: 23.814209, 3962.484903, 8, 0, 8
9448: 25.119015, 3965.470630, 7, 0, 7
9524: 23.946584, 3964.527593, 5, 0, 5
9595: 19.344352, 3169.490251, 8, 0, 8
9396: 27.903907, 4532.063811, 8, 0, 8
9408: 23.828232, 3972.183838, 6, 0, 6
9553: 20.408218, 3174.555028, 5, 0, 5
9565: 20.426181, 3178.761321, 6, 0, 6
9418: 23.838553, 3979.518557, 6, 0, 6
9460: 23.908181, 3980.337554, 6, 0, 6
9411: 24.818606, 3983.247079, 8, 0, 8
9467: 24.805261, 3981.676478, 7, 0, 7
9382: 27.511722, 4549.008659, 7, 0, 7
9558: 20.669735, 3194.601028, 6, 0, 6
9425: 26.165367, 3991.596796, 8, 0, 8
9431: 24.165968, 3993.585924, 5, 0, 5
9569: 20.419602, 3194.582615, 7, 0, 7
9594: 20.630239, 3196.644340, 9, 0, 9
9532: 24.150750, 3996.865389, 6, 0, 6
9487: 25.136531, 4000.247295, 6, 0, 6
9439: 24.225070, 4003.409968, 5, 0, 5
9308: 27.786817, 4569.467581, 10, 0, 10
9438: 24.389891, 4006.164134, 6, 0, 6
9498: 20.904552, 3684.449502, 6, 0, 6
9547: 20.890699, 3210.687604, 5, 0, 5
9516: 24.690376, 4006.429170, 7, 0, 7
9599: 19.475042, 3208.756034, 5, 0, 5
9480: 26.094805, 4008.377553, 7, 0, 7
9552: 21.066763, 3218.438405, 5, 0, 5
9588: 22.650841, 3214.691131, 6, 0, 6
9412: 25.915941, 4015.200271, 8, 0, 8
9559: 21.291620, 3226.195046, 5, 0, 5
9628: 15.693458, 2183.491140, 5, 0, 5
9541: 21.325705, 3226.831567, 6, 0, 6
9443: 26.684978, 4025.494185, 9, 0, 9
9546: 21.391242, 3231.397617, 6, 0, 6
9485: 26.017477, 4027.405325, 7, 0, 7
9550: 21.481010, 3238.055877, 8, 0, 8
9593: 21.012035, 3236.214068, 8, 0, 8
9581: 21.383157, 3236.710763, 7, 0, 7
9591: 21.221460, 3244.219301, 7, 0, 7
9533: 21.046380, 3250.587796, 5, 0, 5
9600: 18.276752, 2207.836762, 7, 0, 7
9457: 25.671239, 4048.817751, 7, 0, 7
9512: 25.834488, 4047.338904, 9, 0, 9
9475: 26.325225, 4047.853109, 6, 0, 6
9530: 25.342976, 4048.214320, 6, 0, 6
9589: 22.953376, 3254.395009, 5, 0, 5
9561: 22.075363, 3260.914983, 6, 0, 6
9469: 26.435958, 4056.674217, 7, 0, 7
9495: 26.309448, 4059.068078, 7, 0, 7
9529: 25.673169, 4058.775288, 6, 0, 6
9426: 26.357188, 4064.712271, 6, 0, 6
9466: 26.676334, 4067.248588, 7, 0, 7
9442: 25.850916, 4073.455607, 7, 0, 7
9519: 26.176011, 4074.647545, 6, 0, 6
9428: 26.664185, 4077.417462, 10, 0, 10
9570: 22.228317, 3279.525104, 5, 0, 5
9624: 19.235543, 2239.389061, 5, 0, 5
9417: 26.105575, 4084.119443, 7, 0, 7
9483: 26.886793, 4086.998946, 8, 0, 8
9584: 18.460053, 3067.440393, 7, 0, 7
9509: 26.585738, 4086.672886, 10, 0, 10
9492: 26.969308, 4094.626633, 6, 0, 6
9451: 26.311499, 4096.946876, 7, 0, 7
9560: 22.694026, 3304.043294, 5, 0, 5
9632: 19.579342, 2259.967879, 6, 0, 6
9604: 17.367463, 2266.498007, 6, 0, 6
9567: 23.047166, 3311.935179, 8, 0, 8
9504: 27.237594, 4110.224296, 7, 0, 7
9518: 27.030784, 4117.479493, 9, 0, 9
9456: 27.076876, 4123.912935, 12, 0, 12
9545: 23.683441, 3331.889782, 8, 0, 8
9575: 23.053572, 3330.563722, 6, 0, 6
9477: 27.806886, 4129.751479, 8, 0, 8
9603: 17.996208, 2293.771586, 6, 0, 6
9494: 27.707068, 4137.590413, 8, 0, 8
9420: 27.680224, 4140.048468, 8, 0, 8
9484: 27.937844, 4137.954148, 6, 0, 6
9587: 23.007637, 3345.211306, 5, 0, 5
9554: 24.438684, 3346.778315, 6, 0, 6
9580: 23.988153, 3345.303191, 7, 0, 7
9430: 27.471378, 4155.505790, 8, 0, 8
9513: 28.647636, 4152.030620, 7, 0, 7
9636: 17.662382, 2316.365183, 4, 0, 4
9391: 30.656348, 4721.652928, 10, 0, 10
9685: 17.152842, 2319.654134, 5, 0, 5
9543: 24.894829, 3366.376255, 8, 0, 8
9583: 24.133176, 3364.885791, 8, 0, 8
9536: 24.954537, 3367.123845, 8, 0, 8
9598: 25.149842, 3367.448290, 6, 0, 6
9537: 25.035151, 3370.421958, 10, 0, 10
9613: 18.465953, 2332.528128, 9, 0, 9
9692: 14.833691, 1562.039850, 4, 0, 4
9542: 25.281435, 3378.428569, 7, 0, 7
9573: 24.262833, 3381.082847, 6, 0, 6
9606: 20.049136, 2340.776304, 7, 0, 7
9645: 18.067491, 2339.642059, 9, 0, 9
9579: 24.591662, 3388.704138, 9, 0, 9
9590: 24.686007, 3392.312006, 6, 0, 6
9669: 19.652342, 2349.784630, 5, 0, 5
9577: 25.759481, 3403.712440, 9, 0, 9
9586: 27.127471, 3405.884940, 11, 0, 11
9679: 18.176681, 2370.201143, 5, 0, 5
9415: 29.593632, 4213.169542, 8, 0, 8
9555: 26.275457, 3416.651508, 8, 0, 8
9602: 24.139212, 2375.395816, 8, 0, 8
9623: 20.504279, 2378.482131, 5, 0, 5
9612: 20.536915, 2381.824971, 9, 0, 9
9696: 16.173408, 1616.465648, 4, 0, 4
9671: 19.158441, 2393.928855, 5, 0, 5
9682: 20.850541, 2393.692043, 8, 0, 8
9743: 15.638860, 1623.915212, 7, 0, 7
9576: 26.689930, 3442.557533, 7, 0, 7
9673: 21.062690, 2403.623424, 5, 0, 5
9642: 19.743711, 2407.181888, 5, 0, 5
9617: 21.855412, 2406.528436, 8, 0, 8
9566: 26.971381, 3449.272475, 9, 0, 9
9562: 27.195925, 3451.609423, 8, 0, 8
9549: 27.261605, 3453.441045, 6, 0, 6
9610: 26.017786, 2408.961182, 9, 0, 9
9641: 21.770015, 2412.012198, 5, 0, 5
9630: 22.039583, 2412.726127, 11, 0, 11
9539: 27.372373, 3456.508581, 8, 0, 8
9620: 21.801477, 2421.331435, 5, 0, 5
9648: 19.960937, 2422.113743, 5, 0, 5
9564: 27.855450, 3467.652832, 6, 0, 6
9608: 21.994927, 2427.424243, 5, 0, 5
9568: 27.099866, 3468.346696, 10, 0, 10
9601: 22.920202, 2427.973262, 8, 0, 8
9631: 22.250129, 2436.792258, 7, 0, 7
9740: 16.405834, 1667.711396, 5, 0, 5
9670: 21.918407, 2439.876781, 6, 0, 6
9719: 16.784909, 1672.061128, 4, 0, 4
9571: 28.437075, 3485.532642, 8, 0, 8
9677: 21.726787, 2443.501023, 7, 0, 7
9644: 21.317714, 2444.575085, 7, 0, 7
9730: 16.508142, 1675.781420, 6, 0, 6
9646: 22.031147, 2446.903376, 7, 0, 7
9609: 22.771825, 2448.426600, 4, 0, 4
9626: 22.772639, 2448.839486, 8, 0, 8
9629: 24.984062, 2449.459787, 11, 0, 11
9635: 21.579711, 2452.727114, 5, 0, 5
9627: 23.186210, 2454.337816, 8, 0, 8
9633: 23.894384, 2454.451535, 6, 0, 6
9639: 21.685896, 2456.439602, 5, 0, 5
9657: 21.397251, 2460.086075, 6, 0, 6
9660: 20.377937, 2460.988148, 6, 0, 6
9619: 24.236995, 2460.391012, 10, 0, 10
9680: 22.091331, 2463.212526, 7, 0, 7
9596: 27.190407, 3506.459299, 8, 0, 8
9659: 20.600549, 2468.582483, 5, 0, 5
9618: 23.778801, 2469.178485, 7, 0, 7
9607: 24.103171, 2469.783260, 6, 0, 6
9621: 24.892867, 2469.889233, 7, 0, 7
9655: 21.716784, 2471.831405, 9, 0, 9
9699: 19.453476, 1702.148857, 9, 0, 9
9668: 19.986391, 2361.123851, 5, 0, 5
9615: 28.083154, 2470.864639, 10, 0, 10
9616: 24.804182, 2474.379812, 11, 0, 11
9634: 22.962131, 2476.130294, 10, 0, 10
9741: 17.309330, 1706.258815, 5, 0, 5
9643: 23.137331, 2474.985066, 9, 0, 9
9676: 23.594532, 2483.570328, 8, 0, 8
9658: 20.969672, 2486.848560, 10, 0, 10
9656: 22.781811, 2487.060485, 15, 0, 15
9693: 20.566041, 1717.841152, 5, 0, 5
9746: 19.744822, 1715.890220, 7, 0, 7
9681: 24.278757, 2486.740103, 9, 0, 9
9661: 21.323161, 2487.842159, 12, 0, 12
9674: 23.457180, 2489.173062, 10, 0, 10
9625: 27.797943, 2487.425907, 10, 0, 10
9611: 26.322410, 2490.196983, 9, 0, 9
9654: 22.210846, 2491.131266, 9, 0, 9
9605: 28.026963, 2491.561676, 9, 0, 9
9614: 26.444350, 2493.215905, 9, 0, 9
9649: 22.013393, 2495.721788, 6, 0, 6
9638: 24.848513, 2495.276830, 10, 0, 10
9622: 28.497600, 2494.078911, 13, 0, 13
9721: 21.613053, 1726.970305, 6, 0, 6
9678: 26.578144, 2483.675837, 8, 0, 8
9667: 25.425414, 2495.590686, 6, 0, 6
9724: 26.817001, 1723.380599, 12, 0, 12
9704: 17.625337, 1735.035826, 4, 0, 4
9672: 24.650156, 2500.316173, 6, 0, 6
9640: 25.155523, 2503.634053, 6, 0, 6
9745: 19.159056, 1736.087760, 8, 0, 8
9637: 26.265753, 2503.807128, 6, 0, 6
9572: 30.240713, 3549.158369, 7, 0, 7
9647: 27.240235, 2506.367128, 8, 0, 8
9709: 18.496946, 1741.827534, 12, 0, 12
9665: 26.509758, 2510.378566, 8, 0, 8
9739: 19.539797, 1743.777693, 7, 0, 7
9716: 19.521670, 1745.844786, 6, 0, 6
9651: 24.141695, 2517.278733, 6, 0, 6
9732: 19.789431, 1747.707709, 7, 0, 7
9650: 25.047219, 2520.538118, 14, 0, 14
9727: 22.969055, 1752.820452, 9, 0, 9
9713: 18.905159, 1757.324093, 5, 0, 5
9722: 23.182275, 1753.037935, 8, 0, 8
9686: 24.251740, 2524.025439, 10, 0, 10
9707: 19.102292, 1761.217946, 7, 0, 7
9726: 23.322027, 1756.371320, 8, 0, 8
9683: 24.578649, 2527.712444, 6, 0, 6
9662: 26.085758, 2530.377476, 13, 0, 13
9664: 26.397905, 2530.527329, 9, 0, 9
9666: 28.389741, 2528.550552, 10, 0, 10
9705: 20.470800, 1763.907534, 5, 0, 5
9708: 19.545460, 1769.200771, 6, 0, 6
9675: 27.239314, 2533.769400, 11, 0, 11
9652: 27.406925, 2538.114389, 7, 0, 7
9710: 20.053872, 1774.450380, 5, 0, 5
9697: 26.127980, 1766.636305, 8, 0, 8
9715: 22.945427, 1766.469407, 11, 0, 11
9711: 22.515974, 1773.777027, 7, 0, 7
9718: 19.817125, 1776.129793, 5, 0, 5
9717: 26.079135, 1770.673510, 10, 0, 10
9695: 27.528882, 1769.183718, 7, 0, 7
9597: 31.002009, 3586.407133, 7, 0, 7
9663: 24.314596, 2544.679495, 12, 0, 12
9723: 26.084179, 1771.397854, 10, 0, 10
9694: 26.526879, 1773.840014, 8, 0, 8
9691: 21.780038, 1779.013119, 6, 0, 6
9714: 27.850795, 1773.806812, 10, 0, 10
9698: 26.802417, 1773.812399, 9, 0, 9
9688: 22.152184, 1780.356861, 7, 0, 7
9737: 22.848403, 1776.465621, 8, 0, 8
9731: 21.417199, 1781.391703, 7, 0, 7
9725: 27.361251, 1774.256000, 11, 0, 11
9700: 28.093829, 1776.434464, 11, 0, 11
9690: 23.410625, 1781.408086, 12, 0, 12
9712: 28.553831, 1776.052349, 19, 0, 19
9728: 21.516228, 1782.192849, 5, 0, 5
9734: 22.879896, 1781.396873, 8, 0, 8
9748: 23.695403, 1783.325144, 11, 0, 11
9733: 23.593874, 1783.845786, 7, 0, 7
9744: 26.119291, 1785.145543, 9, 0, 9
9653: 28.064690, 2557.396375, 6, 0, 6
9736: 27.225554, 1784.247472, 8, 0, 8
9742: 26.242582, 1785.045519, 6, 0, 6
9735: 30.029680, 1783.410347, 13, 0, 13
9684: 27.443055, 2558.813285, 7, 0, 7
9687: 27.449387, 2559.636250, 7, 0, 7
9701: 26.476369, 1789.257144, 6, 0, 6
9729: 24.897063, 1790.424267, 10, 0, 10
9703: 26.324466, 1790.349977, 9, 0, 9
9689: 25.195263, 1792.328258, 8, 0, 8
9738: 27.285032, 1788.121528, 8, 0, 8
9706: 25.048451, 1791.473515, 6, 0, 6
9702: 28.589241, 1790.159402, 9, 0, 9
9747: 25.218573, 1792.078487, 8, 0, 8
9720: 25.955073, 1793.954334, 6, 0, 6
