7733: 23.402485, 1122.166602, 7, 0, 7
7731: 20.706373, 1413.338246, 7, 0, 7
7739: 18.620585, 2082.948947, 5, 0, 5
7796: 14.917598, 2168.746893, 4, 0, 4
7845: 16.592965, 1641.579576, 4, 0, 4
7747: 17.088648, 1784.747124, 4, 0, 4
7952: 15.506993, 2286.893326, 4, 0, 4
7877: 15.150788, 2314.400390, 5, 0, 5
7918: 15.839464, 2316.293221, 4, 0, 4
7737: 20.001038, 2321.363650, 6, 0, 6
7919: 16.681938, 2355.674870, 4, 0, 4
7734: 20.500135, 2373.019062, 6, 0, 6
7751: 20.593865, 2384.631711, 4, 0, 4
7750: 20.684027, 2394.207073, 5, 0, 5
7954: 18.003613, 2392.247764, 6, 0, 6
7854: 16.203840, 2397.544676, 5, 0, 5
7902: 17.186089, 2444.568326, 5, 0, 5
7782: 16.702386, 2479.672016, 3, 0, 3
7926: 17.811776, 2478.129460, 6, 0, 6
7939: 17.187060, 2485.708538, 5, 0, 5
7942: 17.210262, 2533.784768, 4, 0, 4
8030: 15.533596, 2379.952373, 6, 0, 6
7755: 21.660582, 2555.654439, 5, 0, 5
7770: 16.926348, 2559.804968, 5, 0, 5
7753: 17.962585, 1919.362101, 5, 0, 5
7967: 16.509031, 2573.805421, 4, 0, 4
7959: 16.952361, 2601.519208, 4, 0, 4
7908: 18.222331, 2610.504442, 4, 0, 4
7949: 17.399716, 2613.532219, 4, 0, 4
8124: 15.743370, 2453.788478, 4, 0, 4
7973: 16.662149, 2624.821516, 4, 0, 4
7925: 20.219189, 2628.352747, 8, 0, 8
7847: 17.467883, 2656.929463, 4, 0, 4
7984: 19.048857, 2654.143223, 4, 0, 4
7756: 23.650137, 2657.136901, 13, 0, 13
7958: 17.450744, 2661.116282, 4, 0, 4
7768: 17.723986, 2670.639052, 5, 0, 5
7897: 18.065979, 2666.514077, 5, 0, 5
7921: 19.166332, 2668.886760, 6, 0, 6
7864: 17.239315, 2680.735699, 5, 0, 5
7852: 17.363689, 2697.450486, 6, 0, 6
7736: 22.293389, 2703.366060, 6, 0, 6
7890: 18.330277, 2710.667489, 6, 0, 6
7794: 18.144361, 2717.888804, 5, 0, 5
8018: 18.487678, 2714.096162, 4, 0, 4
7878: 17.588272, 2731.482403, 6, 0, 6
7916: 19.091658, 2737.303823, 5, 0, 5
7752: 22.496576, 2738.910771, 4, 0, 4
7875: 17.736239, 2744.358158, 6, 0, 6
7936: 19.002145, 2752.302984, 5, 0, 5
8127: 16.628537, 2600.060417, 6, 0, 6
7850: 17.876818, 2768.189552, 5, 0, 5
7887: 19.041991, 2769.813941, 5, 0, 5
8049: 16.555904, 2606.255891, 5, 0, 5
7740: 22.690551, 2778.643485, 5, 0, 5
7951: 18.374926, 2780.370020, 4, 0, 4
7927: 19.608569, 2783.088287, 6, 0, 6
7779: 18.556142, 2809.463013, 4, 0, 4
8128: 16.800293, 2639.754551, 4, 0, 4
8096: 16.829646, 2641.920643, 4, 0, 4
7957: 18.401056, 2816.263996, 6, 0, 6
7738: 22.853851, 2819.035335, 6, 0, 6
7807: 22.628423, 2820.897470, 5, 0, 5
7759: 20.148170, 2833.238342, 7, 0, 7
7923: 20.051394, 2836.396686, 5, 0, 5
7787: 18.676460, 2845.352434, 4, 0, 4
8024: 16.855659, 2678.933733, 4, 0, 4
7941: 19.298765, 2860.038328, 5, 0, 5
7754: 23.483130, 2865.834201, 6, 0, 6
8002: 18.625783, 2862.043857, 4, 0, 4
7956: 18.794882, 2875.399661, 5, 0, 5
8108: 16.815659, 2716.574056, 4, 0, 4
7868: 18.577886, 2895.001354, 6, 0, 6
7946: 19.431731, 2900.198705, 5, 0, 5
8022: 17.197445, 2743.397944, 7, 0, 7
8023: 17.282616, 2750.354169, 5, 0, 5
7977: 18.532379, 2914.811198, 4, 0, 4
7899: 19.574923, 2916.875158, 6, 0, 6
7986: 18.602192, 2930.993333, 5, 0, 5
7735: 23.501526, 2934.425760, 6, 0, 6
7920: 21.366390, 2934.769449, 5, 0, 5
7903: 19.705268, 2941.765569, 5, 0, 5
8050: 17.474691, 2778.321525, 4, 0, 4
7865: 18.849571, 2943.897414, 5, 0, 5
7749: 23.580838, 2954.433550, 6, 0, 6
7800: 19.263131, 2960.687894, 5, 0, 5
7795: 19.294791, 2968.204615, 6, 0, 6
7799: 19.314301, 2971.605453, 5, 0, 5
7783: 19.857153, 2972.181495, 5, 0, 5
8037: 17.615394, 2810.275442, 5, 0, 5
7810: 17.735455, 2998.010699, 4, 0, 4
7858: 21.061990, 2996.935366, 4, 0, 4
7866: 19.317820, 2999.986294, 4, 0, 4
8123: 18.275779, 2834.931430, 4, 0, 4
7776: 19.550098, 3005.169368, 6, 0, 6
7871: 19.418744, 3006.652417, 7, 0, 7
7860: 19.432374, 3014.745324, 5, 0, 5
7996: 19.189026, 3010.256728, 5, 0, 5
8042: 17.964251, 2849.644717, 6, 0, 6
7746: 24.110283, 3021.020668, 8, 0, 8
7884: 20.394883, 3020.535742, 11, 0, 11
7885: 20.562405, 3024.340727, 6, 0, 6
7968: 19.554407, 3034.217781, 5, 0, 5
7849: 19.591151, 3042.757551, 5, 0, 5
7791: 19.714112, 3044.297735, 4, 0, 4
7882: 20.546603, 3044.870244, 6, 0, 6
7944: 20.609286, 3054.336567, 6, 0, 6
7987: 20.870090, 3056.860390, 4, 0, 4
7873: 19.866177, 3061.985849, 5, 0, 5
7969: 19.609420, 3059.182290, 5, 0, 5
7931: 23.010341, 3061.058395, 6, 0, 6
8092: 18.123077, 2900.085987, 5, 0, 5
8098: 18.136910, 2907.358319, 4, 0, 4
7906: 20.852505, 3087.780864, 5, 0, 5
7742: 24.639899, 3092.933523, 6, 0, 6
7805: 24.478451, 3091.051953, 10, 0, 10
7745: 24.841421, 3112.494613, 12, 0, 12
8059: 18.904433, 2963.914490, 6, 0, 6
7834: 18.645910, 3135.951351, 4, 0, 4
7744: 25.019609, 3138.471243, 8, 0, 8
8053: 19.064067, 2983.577211, 5, 0, 5
7947: 24.203421, 3142.378818, 34, 0, 34
8143: 19.225983, 2985.182949, 6, 0, 6
8032: 19.232321, 3005.390926, 6, 0, 6
8104: 18.877508, 3015.379133, 11, 0, 11
7861: 20.411282, 3185.881009, 7, 0, 7
7774: 20.827476, 3199.363787, 12, 0, 12
7965: 19.919032, 3202.030678, 5, 0, 5
7801: 20.878354, 3226.374892, 6, 0, 6
7993: 19.699056, 3225.746863, 7, 0, 7
8113: 18.831558, 3074.576061, 5, 0, 5
7881: 20.498282, 3241.520008, 7, 0, 7
7917: 21.962656, 3254.431973, 11, 0, 11
8063: 19.688522, 3094.689648, 4, 0, 4
7943: 21.245960, 3273.955811, 5, 0, 5
8013: 12.141065, 1944.755612, 3, 0, 3
8010: 22.037828, 1974.507357, 5, 0, 5
8001: 19.405579, 3277.376309, 5, 0, 5
7924: 22.925628, 3276.834356, 6, 0, 6
8101: 19.298990, 3118.120734, 5, 0, 5
7912: 22.063033, 3284.524718, 6, 0, 6
7974: 20.180487, 3285.704423, 6, 0, 6
7762: 21.203721, 3299.345819, 9, 0, 9
7907: 21.629241, 3307.250010, 6, 0, 6
7817: 19.243016, 3315.520705, 10, 0, 10
8077: 19.873554, 3146.579951, 6, 0, 6
7741: 25.987424, 3313.900163, 6, 0, 6
7979: 25.348779, 3851.961742, 6, 0, 6
7982: 20.342176, 3315.044665, 6, 0, 6
7769: 25.162638, 3859.131602, 7, 0, 7
7786: 25.171190, 3861.951118, 14, 0, 14
8052: 23.278450, 3695.463242, 7, 0, 7
7976: 24.463251, 3856.981284, 5, 0, 5
7851: 24.636659, 3861.287868, 8, 0, 8
7767: 25.259916, 3867.109178, 7, 0, 7
8014: 23.587871, 3865.222484, 6, 0, 6
8121: 23.938397, 3704.924451, 6, 0, 6
8070: 23.341950, 3706.991009, 9, 0, 9
8132: 23.550710, 3707.276479, 6, 0, 6
8012: 23.631432, 3872.741885, 6, 0, 6
7985: 24.794876, 3876.868820, 6, 0, 6
7886: 25.618344, 3879.760057, 6, 0, 6
8116: 24.299272, 3713.427124, 5, 0, 5
8004: 23.741541, 3880.948334, 6, 0, 6
8093: 23.747428, 3721.736613, 6, 0, 6
8000: 23.815150, 3885.344216, 6, 0, 6
8153: 19.484979, 3260.050395, 5, 0, 5
8027: 23.538228, 3728.303529, 9, 0, 9
7855: 24.760249, 3893.469481, 7, 0, 7
8205: 18.154468, 3266.033064, 5, 0, 5
8036: 23.571214, 3736.403301, 6, 0, 6
8139: 23.823824, 3733.671467, 6, 0, 6
8040: 23.598263, 3738.800487, 7, 0, 7
8043: 24.334804, 3739.237622, 5, 0, 5
8028: 23.990783, 3743.827700, 8, 0, 8
8200: 17.898797, 3284.516262, 4, 0, 4
7785: 25.748784, 3914.539554, 7, 0, 7
8136: 24.066785, 3748.109683, 7, 0, 7
8117: 24.656431, 3752.153935, 6, 0, 6
8041: 24.293149, 3754.663266, 6, 0, 6
7788: 25.801154, 3921.864014, 12, 0, 12
7811: 23.396565, 3927.637726, 9, 0, 9
7989: 25.335827, 3919.790394, 6, 0, 6
8034: 25.858515, 3757.353817, 5, 0, 5
8233: 19.761196, 3292.875434, 4, 0, 4
8068: 23.835711, 3760.727765, 7, 0, 7
8138: 24.108402, 3759.350640, 8, 0, 8
8083: 25.998942, 3760.261944, 5, 0, 5
7798: 25.916557, 3931.129779, 12, 0, 12
7915: 26.938495, 3927.024877, 11, 0, 11
8198: 17.950053, 3304.232971, 5, 0, 5
7971: 25.623849, 3932.473531, 7, 0, 7
7910: 26.945362, 3933.666470, 7, 0, 7
7841: 23.709419, 3938.930262, 6, 0, 6
8386: 11.860609, 2603.947694, 3, 0, 3
8170: 20.075322, 3319.234023, 6, 0, 6
8062: 23.904369, 3782.844771, 6, 0, 6
8119: 24.982120, 3780.382590, 6, 0, 6
8169: 20.316838, 3323.028029, 5, 0, 5
7764: 26.203848, 3954.649327, 7, 0, 7
8192: 19.336338, 3326.851478, 6, 0, 6
7911: 28.760642, 3951.467412, 7, 0, 7
8158: 20.383152, 3327.114553, 5, 0, 5
7901: 26.190998, 3959.910731, 7, 0, 7
8076: 24.023384, 3798.684304, 7, 0, 7
8220: 18.260512, 3335.522982, 5, 0, 5
8109: 24.217635, 3797.486036, 6, 0, 6
8154: 20.519832, 3335.730367, 4, 0, 4
8228: 19.795617, 3336.979239, 5, 0, 5
8129: 25.122124, 3799.338189, 7, 0, 7
7780: 26.335292, 3973.782571, 9, 0, 9
8045: 24.160099, 3811.073133, 8, 0, 8
8141: 24.366800, 3809.101358, 7, 0, 7
7732: 27.415544, 3978.492715, 6, 0, 6
7793: 26.337514, 3981.660564, 10, 0, 10
7765: 26.368181, 3982.680633, 10, 0, 10
7846: 28.207231, 3981.791508, 11, 0, 11
7904: 26.460042, 3986.128662, 8, 0, 8
7829: 24.160610, 3998.688153, 6, 0, 6
8196: 19.693585, 3371.382339, 6, 0, 6
7948: 28.716944, 4000.507248, 9, 0, 9
8191: 21.758275, 3376.919523, 5, 0, 5
7898: 26.625900, 4010.388412, 10, 0, 10
7778: 26.541508, 4013.972409, 7, 0, 7
8103: 24.750210, 3852.629813, 6, 0, 6
8064: 24.586384, 3858.046925, 7, 0, 7
8224: 18.492224, 3399.035297, 4, 0, 4
8180: 19.984220, 3399.319471, 6, 0, 6
7880: 25.868695, 4035.452478, 5, 0, 5
8176: 20.031331, 3406.997160, 6, 0, 6
7763: 26.905656, 4042.057132, 8, 0, 8
8069: 24.701046, 3877.615539, 6, 0, 6
8029: 24.741532, 3895.246037, 8, 0, 8
8214: 19.132869, 3442.663863, 5, 0, 5
7905: 27.027631, 4071.567659, 7, 0, 7
7832: 26.018764, 4076.394144, 6, 0, 6
7872: 26.250775, 4075.173874, 10, 0, 10
8206: 20.130418, 3449.967451, 5, 0, 5
7824: 21.231127, 3321.474638, 4, 0, 4
8079: 20.127504, 3157.792423, 8, 0, 8
8005: 19.970945, 3338.042772, 5, 0, 5
7888: 21.792230, 3345.390195, 5, 0, 5
8179: 17.458654, 2717.458193, 5, 0, 5
7821: 25.447083, 4085.496862, 7, 0, 7
7997: 20.641304, 3348.647479, 5, 0, 5
8011: 25.585910, 3346.931852, 15, 0, 15
8209: 19.620671, 3454.705780, 5, 0, 5
8061: 20.302978, 3190.211982, 9, 0, 9
8131: 19.654067, 3192.703718, 5, 0, 5
7928: 22.820756, 3365.360578, 6, 0, 6
7839: 19.462265, 3378.715978, 5, 0, 5
7929: 22.970475, 3376.596962, 6, 0, 6
7933: 24.184877, 3379.174620, 5, 0, 5
7827: 19.674752, 3387.035027, 5, 0, 5
7988: 21.046835, 3380.510769, 5, 0, 5
8106: 20.035779, 3221.289056, 5, 0, 5
7802: 22.082358, 3392.396693, 4, 0, 4
8111: 20.545606, 3224.862958, 5, 0, 5
8178: 20.677257, 3458.835701, 6, 0, 6
8080: 20.457980, 3225.920608, 5, 0, 5
8075: 20.459959, 3228.503386, 6, 0, 6
7998: 21.146980, 3391.625853, 6, 0, 6
8086: 20.371853, 3229.304197, 5, 0, 5
8120: 21.400565, 3231.290301, 5, 0, 5
7937: 22.634395, 3396.849102, 6, 0, 6
7804: 22.869735, 3400.294668, 6, 0, 6
7761: 22.246738, 3418.657270, 7, 0, 7
8161: 21.232581, 3458.671361, 6, 0, 6
7840: 19.992595, 3422.288590, 5, 0, 5
7748: 26.649216, 3418.508318, 10, 0, 10
8160: 15.896589, 2799.706263, 4, 0, 4
8163: 17.341772, 2802.301294, 4, 0, 4
7869: 21.554365, 3432.262073, 5, 0, 5
8078: 20.601666, 3265.846595, 6, 0, 6
8026: 20.663439, 3279.863969, 6, 0, 6
7893: 22.528459, 3443.436993, 6, 0, 6
7892: 22.530451, 3445.096586, 5, 0, 5
7909: 23.265021, 3442.124409, 6, 0, 6
7773: 22.440474, 3449.795618, 6, 0, 6
7991: 26.571972, 4084.482524, 6, 0, 6
7983: 21.532577, 3448.161166, 5, 0, 5
8135: 21.023033, 3283.682000, 7, 0, 7
7934: 23.212301, 3449.217056, 6, 0, 6
7992: 26.598878, 4086.558388, 8, 0, 8
8148: 16.186618, 2831.779757, 4, 0, 4
8008: 20.767525, 3456.137898, 5, 0, 5
7930: 24.434374, 3459.121419, 7, 0, 7
8038: 20.784459, 3302.746881, 7, 0, 7
8105: 20.574269, 3301.043394, 9, 0, 9
7970: 21.985368, 3475.915307, 4, 0, 4
7758: 28.679209, 3480.103154, 16, 0, 16
8020: 21.026343, 3322.646438, 6, 0, 6
7922: 24.179480, 3483.687117, 6, 0, 6
8126: 21.123865, 3321.215953, 5, 0, 5
8137: 21.372857, 3322.769520, 8, 0, 8
7883: 25.151427, 3491.909950, 12, 0, 12
7945: 23.132574, 3495.536726, 5, 0, 5
8168: 21.361644, 3464.947900, 6, 0, 6
7966: 22.449354, 3499.442546, 5, 0, 5
8186: 16.549092, 2881.887963, 4, 0, 4
8087: 21.268555, 3349.526304, 4, 0, 4
8021: 21.224745, 3351.472388, 6, 0, 6
7895: 22.912163, 3514.810778, 7, 0, 7
8035: 21.245478, 3355.018408, 5, 0, 5
7975: 22.303745, 3533.465257, 6, 0, 6
7743: 27.508569, 3537.669867, 7, 0, 7
8033: 21.487181, 3374.419358, 6, 0, 6
7859: 22.106355, 3543.529446, 6, 0, 6
8091: 21.386338, 3376.155952, 4, 0, 4
7972: 22.322216, 3539.200299, 6, 0, 6
7896: 27.610846, 4092.995648, 8, 0, 8
8146: 25.141678, 3926.729097, 6, 0, 6
7808: 25.059799, 4098.729680, 5, 0, 5
8189: 20.780931, 3465.452200, 6, 0, 6
8264: 16.084483, 2771.294231, 4, 0, 4
7822: 25.195932, 4113.479591, 6, 0, 6
7960: 23.492542, 3610.887285, 6, 0, 6
7784: 27.053469, 4116.842630, 7, 0, 7
8074: 25.326825, 3948.839870, 8, 0, 8
7836: 25.233603, 4117.150804, 6, 0, 6
8047: 25.368077, 3953.919825, 8, 0, 8
8149: 21.349895, 3490.862362, 5, 0, 5
8089: 25.403530, 3952.694513, 7, 0, 7
8171: 21.370018, 3491.232583, 4, 0, 4
7891: 27.696816, 4121.356208, 8, 0, 8
8044: 25.408550, 3957.855667, 6, 0, 6
8252: 16.687456, 2790.912741, 3, 0, 3
8056: 25.418911, 3959.331819, 7, 0, 7
7775: 27.198919, 4129.352543, 9, 0, 9
8315: 16.460669, 2793.307166, 4, 0, 4
7938: 28.359519, 4126.607852, 7, 0, 7
8211: 20.064973, 3501.324789, 5, 0, 5
7826: 27.229773, 4135.813972, 7, 0, 7
8155: 21.508041, 3506.492242, 6, 0, 6
8115: 22.521536, 3458.429716, 6, 0, 6
7815: 25.520549, 4138.322107, 6, 0, 6
8122: 26.280913, 3970.078745, 6, 0, 6
8187: 21.079693, 3525.639038, 4, 0, 4
8232: 19.488619, 3525.729243, 6, 0, 6
8235: 16.450232, 2916.411709, 4, 0, 4
8130: 21.420910, 3383.124254, 7, 0, 7
7889: 23.078562, 3553.737344, 6, 0, 6
7913: 24.168149, 3564.457087, 7, 0, 7
7825: 20.917490, 3570.196227, 5, 0, 5
8046: 22.244921, 3401.054028, 13, 0, 13
7857: 22.473162, 3571.677665, 4, 0, 4
7879: 22.497872, 3571.141114, 7, 0, 7
8110: 21.273034, 3407.953051, 5, 0, 5
7803: 23.439437, 3583.863213, 10, 0, 10
8125: 21.841044, 3414.775363, 5, 0, 5
8048: 21.909529, 3421.574983, 6, 0, 6
7771: 23.414416, 3590.217041, 7, 0, 7
7766: 25.105192, 3591.944775, 8, 0, 8
7819: 21.049679, 3594.333146, 5, 0, 5
7953: 23.612224, 3590.887179, 7, 0, 7
8015: 25.590115, 4159.061164, 7, 0, 7
7833: 21.084948, 3605.302637, 5, 0, 5
8118: 22.283810, 3434.534185, 5, 0, 5
7874: 22.619904, 3611.059751, 6, 0, 6
7876: 22.622848, 3611.763456, 6, 0, 6
7848: 22.862272, 3631.166458, 6, 0, 6
7894: 23.907193, 3640.758209, 6, 0, 6
7900: 24.094224, 3664.797600, 8, 0, 8
8088: 21.757106, 3500.276393, 5, 0, 5
7853: 23.358433, 3670.773023, 7, 0, 7
7789: 27.326809, 4172.551565, 6, 0, 6
8313: 15.707829, 2837.851701, 4, 0, 4
7932: 28.928291, 4169.986954, 8, 0, 8
7838: 25.789370, 4180.586186, 7, 0, 7
7820: 25.899734, 4182.533675, 7, 0, 7
8081: 25.845604, 4016.028133, 7, 0, 7
7835: 26.036819, 4184.326356, 8, 0, 8
7962: 27.631538, 4182.449288, 7, 0, 7
7809: 26.077791, 4193.138323, 6, 0, 6
7963: 27.684956, 4194.314653, 10, 0, 10
7828: 26.104543, 4200.498267, 9, 0, 9
7831: 26.186234, 4212.220791, 12, 0, 12
8184: 21.278075, 3581.138280, 5, 0, 5
8201: 20.779762, 3585.488449, 5, 0, 5
8085: 25.797141, 4048.392310, 6, 0, 6
8006: 26.864090, 4213.720355, 7, 0, 7
8245: 16.922600, 2886.665795, 4, 0, 4
7823: 26.375090, 4228.723845, 7, 0, 7
8073: 26.091434, 4068.853350, 7, 0, 7
7994: 27.675161, 4233.239135, 8, 0, 8
7818: 26.474767, 4248.606787, 6, 0, 6
8100: 26.046472, 4083.271364, 6, 0, 6
7980: 27.759636, 4245.572801, 6, 0, 6
7837: 26.515749, 4255.818386, 6, 0, 6
8212: 21.153001, 3624.993929, 6, 0, 6
8107: 25.951341, 4087.201265, 5, 0, 5
7814: 26.614169, 4260.319189, 7, 0, 7
8019: 26.210996, 4097.527739, 8, 0, 8
7867: 28.361320, 4269.336478, 8, 0, 8
8055: 26.365952, 4112.291530, 8, 0, 8
8390: 15.603925, 2947.653234, 4, 0, 4
8226: 21.047493, 3659.891773, 6, 0, 6
7777: 28.443314, 4295.745349, 7, 0, 7
8241: 20.670591, 3664.644526, 8, 0, 8
8239: 21.600796, 3666.814154, 7, 0, 7
7813: 27.020266, 4303.894525, 7, 0, 7
7830: 27.030559, 4304.892481, 7, 0, 7
7797: 25.603957, 3670.623679, 10, 0, 10
7950: 24.159737, 3678.291789, 6, 0, 6
8142: 22.178074, 3522.829993, 7, 0, 7
8009: 25.937980, 3690.549328, 21, 0, 21
8072: 22.236271, 3539.854041, 7, 0, 7
7843: 22.129214, 3707.943216, 5, 0, 5
8362: 15.661327, 2976.627411, 5, 0, 5
7978: 23.453804, 3706.644464, 6, 0, 6
7760: 23.854004, 3713.568093, 15, 0, 15
7792: 20.686810, 3179.125307, 13, 0, 13
7863: 23.803601, 3722.097181, 9, 0, 9
8057: 26.661251, 4147.886541, 8, 0, 8
8164: 22.581961, 3684.592917, 5, 0, 5
7790: 23.956650, 3724.054083, 9, 0, 9
8071: 22.420311, 3559.745400, 10, 0, 10
8060: 22.442536, 3564.006004, 7, 0, 7
7940: 24.811662, 3734.153387, 7, 0, 7
8099: 22.237510, 3571.186995, 6, 0, 6
7772: 24.085654, 3742.888645, 10, 0, 10
7757: 30.436600, 3738.424209, 12, 0, 12
7862: 23.989027, 3741.565920, 6, 0, 6
8145: 22.572046, 3573.485356, 5, 0, 5
7981: 23.550311, 3737.751520, 5, 0, 5
7842: 22.553448, 3751.913596, 5, 0, 5
8025: 22.562309, 3589.503640, 7, 0, 7
7955: 24.308906, 3758.378487, 6, 0, 6
7914: 25.140278, 3759.279378, 7, 0, 7
8190: 18.056957, 3140.162578, 4, 0, 4
8094: 22.738913, 3607.083273, 10, 0, 10
8173: 18.124279, 3148.847901, 6, 0, 6
8114: 22.468611, 3614.402246, 9, 0, 9
7964: 24.118090, 3777.783263, 8, 0, 8
8222: 17.018410, 3155.976252, 8, 0, 8
7806: 29.662569, 3785.996155, 9, 0, 9
8150: 18.308031, 3169.395456, 5, 0, 5
7781: 24.759259, 3815.546680, 6, 0, 6
7856: 24.465697, 3825.325816, 5, 0, 5
7961: 24.449269, 3825.596511, 5, 0, 5
8213: 17.611613, 3207.741889, 3, 0, 3
8134: 23.534911, 3676.683423, 8, 0, 8
7935: 25.758641, 3845.552420, 7, 0, 7
8082: 26.825602, 4171.010209, 9, 0, 9
8003: 27.125329, 4333.545634, 8, 0, 8
7990: 24.228547, 3848.841396, 6, 0, 6
8051: 26.915869, 4176.209151, 8, 0, 8
8188: 22.260580, 3714.058943, 7, 0, 7
8216: 21.907715, 3715.839784, 5, 0, 5
8097: 28.089493, 4205.573461, 11, 0, 11
8237: 22.924976, 3749.569488, 7, 0, 7
8207: 22.821724, 3754.773217, 8, 0, 8
7844: 28.021833, 4390.167378, 13, 0, 13
8166: 22.999971, 3764.091477, 6, 0, 6
7995: 29.873397, 4391.121347, 8, 0, 8
8058: 27.189924, 4231.532813, 8, 0, 8
8302: 17.436941, 3069.416800, 6, 0, 6
8084: 27.778590, 4238.340376, 9, 0, 9
8194: 22.543427, 3776.559270, 7, 0, 7
8102: 27.627859, 4242.134001, 8, 0, 8
8151: 23.444785, 3780.212221, 6, 0, 6
8157: 23.461719, 3783.309060, 5, 0, 5
8159: 24.558577, 3783.287113, 6, 0, 6
7816: 29.210213, 4415.183296, 7, 0, 7
8217: 23.401020, 3784.231819, 5, 0, 5
8065: 27.261113, 4251.435703, 7, 0, 7
8017: 28.015462, 4417.181369, 10, 0, 10
8197: 23.062753, 3799.232587, 7, 0, 7
8225: 20.177210, 3554.490579, 5, 0, 5
8162: 23.721114, 3808.037026, 5, 0, 5
8348: 17.363982, 3103.711808, 4, 0, 4
7812: 28.527822, 4446.482530, 9, 0, 9
8144: 28.018960, 4276.009463, 7, 0, 7
8133: 28.363038, 4277.389821, 9, 0, 9
8095: 28.410502, 4281.061432, 8, 0, 8
8090: 28.458246, 4282.597107, 7, 0, 7
8231: 22.573900, 3822.080373, 5, 0, 5
8221: 23.033935, 3830.205511, 5, 0, 5
8195: 23.408641, 3830.822673, 9, 0, 9
8175: 23.448462, 3832.284265, 7, 0, 7
8236: 22.708407, 3841.844255, 10, 0, 10
8323: 18.505313, 3143.023470, 5, 0, 5
8263: 19.154363, 3144.130011, 5, 0, 5
8243: 22.740054, 3854.276304, 6, 0, 6
8177: 23.869319, 3859.155074, 7, 0, 7
8203: 23.970415, 3878.063423, 7, 0, 7
8140: 28.807047, 4339.398998, 7, 0, 7
8016: 29.339819, 4523.011612, 8, 0, 8
8156: 24.836027, 3898.680186, 6, 0, 6
8219: 24.054513, 3909.149911, 5, 0, 5
8039: 29.050629, 4378.260956, 8, 0, 8
7999: 29.459619, 4539.621727, 8, 0, 8
8202: 24.390095, 3921.812721, 6, 0, 6
8256: 19.965563, 3219.593371, 5, 0, 5
8240: 23.484312, 3923.966904, 7, 0, 7
8066: 28.133901, 4297.242586, 8, 0, 8
8199: 24.354635, 3957.532535, 6, 0, 6
8400: 17.212237, 3253.753906, 8, 0, 8
8152: 25.581576, 3969.184235, 6, 0, 6
8382: 17.822901, 3269.730913, 6, 0, 6
8360: 18.777499, 3269.393727, 6, 0, 6
8349: 19.657132, 3272.799664, 6, 0, 6
7870: 31.811511, 4607.177913, 16, 0, 16
8249: 20.645124, 3284.750796, 6, 0, 6
8324: 20.019525, 3287.209434, 13, 0, 13
8341: 20.894983, 3288.207596, 9, 0, 9
8183: 25.352188, 4001.269325, 8, 0, 8
8238: 24.321061, 4004.302115, 8, 0, 8
8193: 25.575438, 4029.151512, 6, 0, 6
8172: 25.830210, 4053.478655, 6, 0, 6
8290: 19.648430, 3358.698138, 7, 0, 7
8376: 18.522366, 3361.579872, 6, 0, 6
8307: 19.894250, 3366.167906, 6, 0, 6
8031: 30.645714, 4540.762318, 8, 0, 8
8336: 20.196479, 3376.775289, 10, 0, 10
8291: 19.858259, 3378.437446, 6, 0, 6
8298: 20.191113, 3382.211539, 5, 0, 5
8432: 16.068159, 3389.222890, 5, 0, 5
8007: 30.930860, 4725.687866, 7, 0, 7
8185: 26.256904, 4104.214769, 9, 0, 9
8067: 31.017434, 4569.276260, 9, 0, 9
8330: 20.497575, 3404.672836, 5, 0, 5
8054: 31.112961, 4575.570093, 11, 0, 11
8247: 20.781993, 3410.687842, 7, 0, 7
8283: 20.264636, 3415.107768, 7, 0, 7
8394: 19.103226, 3424.034905, 8, 0, 8
8381: 19.504197, 3425.461602, 5, 0, 5
8174: 27.635598, 4131.370481, 10, 0, 10
8343: 20.315671, 3444.326905, 13, 0, 13
8305: 20.301809, 3445.733293, 5, 0, 5
8320: 20.312304, 3456.922817, 5, 0, 5
8299: 21.019903, 3476.975364, 7, 0, 7
8355: 22.177953, 3478.176583, 6, 0, 6
8229: 25.325315, 4186.081069, 7, 0, 7
8181: 27.183133, 4187.435089, 8, 0, 8
8357: 20.434026, 3483.798402, 4, 0, 4
8165: 26.462766, 4200.793923, 7, 0, 7
8260: 22.796732, 3500.255728, 6, 0, 6
8413: 18.495846, 3500.140861, 5, 0, 5
8359: 20.196550, 3504.368242, 6, 0, 6
8112: 31.009581, 4678.820426, 8, 0, 8
8351: 20.564952, 3516.323110, 5, 0, 5
8387: 19.994767, 3515.356753, 7, 0, 7
8292: 21.262538, 3533.298793, 7, 0, 7
8392: 20.014967, 3539.223612, 5, 0, 5
8353: 21.170123, 3543.213482, 7, 0, 7
8230: 26.626711, 4254.285440, 6, 0, 6
8388: 20.232049, 3559.121488, 6, 0, 6
8328: 21.376189, 3568.071433, 8, 0, 8
8395: 20.052842, 3567.226459, 6, 0, 6
8210: 27.470706, 4270.529025, 8, 0, 8
8227: 26.968015, 4282.350936, 12, 0, 12
8246: 21.867783, 3594.121286, 5, 0, 5
8375: 20.681387, 3546.528001, 5, 0, 5
8393: 20.389804, 3614.827710, 6, 0, 6
8345: 21.278143, 3623.764764, 12, 0, 12
8310: 21.467194, 3628.567466, 5, 0, 5
8389: 20.637171, 3630.703435, 5, 0, 5
8204: 28.341374, 4337.430088, 7, 0, 7
8332: 22.067766, 3634.900284, 6, 0, 6
8306: 21.858265, 3635.863508, 5, 0, 5
8218: 28.026500, 4349.660950, 8, 0, 8
8258: 22.777374, 3652.397237, 6, 0, 6
8367: 22.042417, 3653.903101, 5, 0, 5
8257: 22.778072, 3656.394888, 5, 0, 5
8440: 17.718504, 3654.789474, 6, 0, 6
8248: 23.006070, 3664.885815, 5, 0, 5
8300: 23.034408, 3666.819384, 5, 0, 5
8301: 23.423995, 3666.404738, 5, 0, 5
8268: 22.083782, 3681.254239, 5, 0, 5
8365: 22.229274, 3682.296682, 8, 0, 8
8266: 23.268179, 3683.647598, 6, 0, 6
8338: 22.591421, 3694.193499, 7, 0, 7
8406: 20.604328, 3694.221220, 6, 0, 6
8253: 23.341618, 3695.961685, 6, 0, 6
8288: 22.444587, 3704.332306, 7, 0, 7
8385: 21.402676, 3706.504555, 6, 0, 6
8215: 28.531250, 4413.168562, 7, 0, 7
8242: 27.194003, 4413.451115, 7, 0, 7
8374: 21.313439, 3602.517211, 5, 0, 5
8251: 23.864225, 3720.042436, 6, 0, 6
8321: 23.291272, 3722.352590, 6, 0, 6
8402: 21.189503, 3726.190461, 8, 0, 8
8272: 22.827049, 3729.311488, 7, 0, 7
8312: 23.118784, 3731.539090, 6, 0, 6
8275: 23.108134, 3740.490064, 6, 0, 6
8285: 24.878023, 3742.175920, 7, 0, 7
8254: 24.051314, 3747.642607, 6, 0, 6
8309: 23.444986, 3750.333468, 8, 0, 8
8424: 20.533478, 3749.932871, 5, 0, 5
8223: 28.676584, 4464.427252, 9, 0, 9
8208: 31.277557, 4466.348082, 7, 0, 7
8435: 19.233798, 3769.411634, 5, 0, 5
8327: 23.786412, 3771.274891, 17, 0, 17
8269: 23.257388, 3775.997923, 8, 0, 8
8404: 21.619969, 3774.465812, 6, 0, 6
8317: 23.578599, 3777.887217, 5, 0, 5
8342: 23.431152, 3777.368937, 11, 0, 11
8460: 17.142013, 2393.937847, 5, 0, 5
8379: 22.636430, 3789.107499, 7, 0, 7
8314: 23.636555, 3789.922060, 7, 0, 7
8289: 23.584418, 3792.472060, 8, 0, 8
8434: 19.391102, 3793.297126, 9, 0, 9
8277: 23.891075, 3807.234516, 6, 0, 6
8356: 23.490380, 3805.322803, 7, 0, 7
8363: 23.328473, 3812.711324, 7, 0, 7
8329: 24.074914, 3813.528174, 10, 0, 10
8405: 22.360875, 3820.490625, 9, 0, 9
8279: 24.104642, 3822.669937, 8, 0, 8
8322: 24.418413, 3824.973049, 8, 0, 8
8383: 23.271998, 3832.426659, 7, 0, 7
8267: 24.373215, 3838.582806, 6, 0, 6
8182: 30.626651, 4542.280277, 10, 0, 10
8250: 24.805629, 3842.779074, 6, 0, 6
8468: 16.010548, 2463.130032, 4, 0, 4
8287: 24.745810, 3858.621359, 6, 0, 6
8414: 21.843861, 3857.897947, 5, 0, 5
8318: 24.273242, 3869.587159, 6, 0, 6
8339: 24.335554, 3872.885743, 13, 0, 13
8352: 24.362729, 3884.122387, 6, 0, 6
8373: 23.780857, 3887.987533, 8, 0, 8
8442: 20.127451, 3886.662423, 15, 0, 15
8280: 24.962050, 3895.513707, 8, 0, 8
8234: 29.383834, 4600.113090, 10, 0, 10
8167: 30.351422, 4601.660055, 9, 0, 9
8335: 24.652788, 3908.625252, 7, 0, 7
8284: 25.357667, 3929.244077, 7, 0, 7
8350: 24.743571, 3935.983643, 6, 0, 6
8384: 24.414196, 3939.354823, 7, 0, 7
8452: 16.622237, 2554.966492, 6, 0, 6
8286: 25.572676, 3953.112603, 8, 0, 8
8483: 17.809906, 2571.860951, 5, 0, 5
8281: 25.681048, 3964.773592, 10, 0, 10
8372: 24.820791, 3962.953512, 7, 0, 7
8274: 25.769920, 3969.746674, 6, 0, 6
8262: 25.602487, 3973.515335, 6, 0, 6
8311: 24.882103, 3976.776532, 6, 0, 6
8403: 24.185611, 3978.752780, 7, 0, 7
8500: 17.617802, 2591.144434, 5, 0, 5
8366: 25.046677, 3981.277873, 7, 0, 7
8297: 26.526059, 3987.580418, 6, 0, 6
8369: 25.121345, 3990.089521, 6, 0, 6
8282: 25.950240, 3996.450399, 8, 0, 8
8469: 17.036550, 2609.723183, 4, 0, 4
8295: 26.699165, 3999.457293, 8, 0, 8
8420: 22.656859, 4011.970867, 6, 0, 6
8340: 25.205170, 4015.517080, 8, 0, 8
8410: 23.134858, 4016.159557, 11, 0, 11
8147: 31.357561, 4724.645825, 7, 0, 7
8319: 25.458522, 4024.204163, 6, 0, 6
8265: 26.280850, 4028.647973, 6, 0, 6
8293: 26.309137, 4031.734970, 7, 0, 7
8354: 25.972437, 4030.347312, 8, 0, 8
8358: 25.871101, 4031.472555, 9, 0, 9
8407: 24.778054, 4043.344979, 10, 0, 10
8303: 26.147318, 4055.890040, 8, 0, 8
8370: 25.827550, 4058.077092, 6, 0, 6
8273: 26.882543, 4064.254641, 10, 0, 10
8316: 26.343737, 4067.435535, 7, 0, 7
8278: 26.974369, 4067.939636, 7, 0, 7
8396: 25.600000, 4074.565843, 8, 0, 8
8304: 26.488401, 4076.321929, 8, 0, 8
8459: 18.459830, 2692.638587, 6, 0, 6
8347: 26.752751, 4085.785758, 6, 0, 6
8416: 23.752558, 4091.095850, 6, 0, 6
8325: 26.531713, 4095.192724, 7, 0, 7
8409: 25.776377, 4093.803483, 9, 0, 9
8465: 18.799062, 2708.685442, 6, 0, 6
8244: 30.749832, 4805.951237, 8, 0, 8
8463: 19.312560, 2719.620084, 5, 0, 5
8308: 27.461697, 4110.177798, 6, 0, 6
8548: 16.411755, 2149.842989, 4, 0, 4
8462: 19.391963, 2728.062324, 6, 0, 6
8417: 24.186188, 4123.411179, 6, 0, 6
8377: 26.467492, 4141.654811, 8, 0, 8
8344: 26.667641, 4146.262902, 16, 0, 16
8485: 21.684526, 2755.832952, 6, 0, 6
8532: 17.143731, 2193.960375, 5, 0, 5
8427: 23.104559, 4168.217491, 13, 0, 13
8423: 24.609997, 4178.452308, 6, 0, 6
8261: 29.074968, 4186.199507, 6, 0, 6
8458: 20.223764, 2799.815580, 6, 0, 6
8480: 20.219881, 2797.336678, 6, 0, 6
8428: 23.670843, 4193.640053, 8, 0, 8
8401: 27.180429, 4196.241131, 8, 0, 8
8334: 28.023681, 4201.165386, 7, 0, 7
8411: 21.423057, 3753.373728, 5, 0, 5
8397: 27.545603, 4207.767684, 8, 0, 8
8276: 28.938186, 4214.081441, 11, 0, 11
8439: 23.816009, 4216.700953, 6, 0, 6
8296: 28.763298, 4226.913544, 11, 0, 11
8429: 24.245152, 4229.392377, 9, 0, 9
8426: 27.127408, 4229.934916, 6, 0, 6
8271: 29.124386, 4235.288092, 11, 0, 11
8399: 27.603864, 4234.110497, 8, 0, 8
8542: 18.330830, 2276.157978, 6, 0, 6
8259: 29.499162, 4242.145544, 7, 0, 7
8505: 20.026421, 2853.199691, 6, 0, 6
8436: 24.143120, 4241.008162, 12, 0, 12
8502: 20.205607, 2856.859953, 8, 0, 8
8408: 27.912081, 4251.308370, 10, 0, 10
8326: 28.886912, 4252.685896, 7, 0, 7
8475: 20.743668, 2866.310593, 5, 0, 5
8333: 29.953945, 4254.917401, 6, 0, 6
8543: 18.655552, 2296.345723, 5, 0, 5
8437: 24.495449, 4268.847917, 11, 0, 11
8378: 29.011727, 4275.162389, 8, 0, 8
8368: 28.408957, 4287.730603, 10, 0, 10
8412: 26.662064, 4288.251909, 7, 0, 7
8361: 28.628044, 4288.104122, 6, 0, 6
8270: 30.271695, 4293.141071, 10, 0, 10
8255: 29.944350, 4293.884732, 8, 0, 8
8371: 28.473792, 4295.715292, 9, 0, 9
8398: 28.934456, 4298.624591, 8, 0, 8
8294: 30.216054, 4319.961029, 11, 0, 11
8430: 25.706548, 4319.968775, 16, 0, 16
8449: 21.397530, 2938.011070, 7, 0, 7
8346: 29.467306, 4323.149374, 9, 0, 9
8470: 21.440351, 2946.719994, 7, 0, 7
8489: 21.904867, 2944.693684, 6, 0, 6
8391: 29.614997, 4331.189447, 9, 0, 9
8380: 29.959885, 4334.523944, 10, 0, 10
8431: 25.180731, 4343.898517, 7, 0, 7
8527: 19.982873, 2383.180498, 5, 0, 5
8364: 29.280141, 4346.806567, 8, 0, 8
8499: 21.896228, 2961.163897, 6, 0, 6
8331: 29.568839, 4351.473442, 10, 0, 10
8337: 29.573486, 4353.133133, 11, 0, 11
8496: 22.390561, 2983.036855, 7, 0, 7
8441: 29.243322, 4371.625451, 17, 0, 17
8450: 22.282309, 2989.458718, 5, 0, 5
8422: 29.099260, 4385.222763, 7, 0, 7
8444: 22.610127, 3008.953662, 7, 0, 7
8511: 19.175604, 2440.730481, 5, 0, 5
8515: 21.124887, 2442.564372, 7, 0, 7
8438: 25.987286, 4404.160766, 6, 0, 6
8533: 20.850735, 2442.270538, 6, 0, 6
8490: 22.946594, 3014.595882, 11, 0, 11
8525: 21.817111, 2445.207240, 7, 0, 7
8568: 16.864749, 1930.295172, 6, 0, 6
8419: 28.044743, 4419.104959, 12, 0, 12
8425: 28.056434, 4422.298278, 7, 0, 7
8494: 23.170044, 3037.969012, 10, 0, 10
8524: 20.636271, 2467.582174, 6, 0, 6
8484: 23.500976, 3041.698669, 8, 0, 8
8570: 16.544708, 1954.497880, 7, 0, 7
8421: 28.374854, 4434.130930, 7, 0, 7
8540: 21.475920, 2477.623522, 5, 0, 5
8535: 21.588968, 2478.055310, 7, 0, 7
8510: 21.280899, 2480.390965, 7, 0, 7
8454: 23.604594, 3056.162367, 5, 0, 5
8539: 19.853746, 2376.888597, 7, 0, 7
8550: 20.549391, 2491.955731, 6, 0, 6
8467: 23.758093, 3067.348912, 6, 0, 6
8433: 27.640475, 4473.143467, 13, 0, 13
8529: 21.909364, 2513.014371, 7, 0, 7
8516: 20.785801, 2523.454532, 13, 0, 13
8447: 24.125490, 3099.310532, 5, 0, 5
8482: 24.287339, 3101.046764, 8, 0, 8
8473: 24.179127, 3107.007434, 7, 0, 7
8563: 21.451794, 2018.361418, 6, 0, 6
8415: 29.905605, 4498.642425, 7, 0, 7
8446: 24.210540, 3115.716772, 6, 0, 6
8477: 24.523897, 3113.409419, 8, 0, 8
8466: 24.429834, 3130.768847, 7, 0, 7
8554: 16.895532, 2055.614940, 9, 0, 9
8506: 24.128442, 3144.925033, 5, 0, 5
8583: 18.050934, 2056.875563, 4, 0, 4
8472: 24.936944, 3148.396271, 7, 0, 7
8555: 18.317478, 2061.646420, 7, 0, 7
8493: 24.513447, 3148.644401, 6, 0, 6
8451: 25.129250, 3159.032815, 8, 0, 8
8418: 30.670572, 4560.566068, 9, 0, 9
8514: 22.096906, 2606.505696, 6, 0, 6
8560: 18.606188, 2093.629104, 5, 0, 5
8495: 25.511431, 3187.915667, 9, 0, 9
8544: 23.852604, 2622.551980, 11, 0, 11
8556: 19.017930, 2116.905569, 6, 0, 6
8464: 25.677154, 3209.630423, 8, 0, 8
8534: 24.208151, 2640.294970, 8, 0, 8
8491: 25.734686, 3216.062678, 7, 0, 7
8557: 19.895303, 2132.911976, 5, 0, 5
8520: 23.652265, 2656.167483, 10, 0, 10
8488: 26.167249, 3227.591594, 7, 0, 7
8455: 26.470814, 3240.792178, 8, 0, 8
8565: 20.387818, 2155.202572, 6, 0, 6
8690: 20.221772, 1794.707912, 5, 0, 5
8651: 19.433321, 1797.055168, 6, 0, 6
8589: 25.371403, 2395.049451, 8, 0, 8
8592: 25.783589, 2398.613954, 6, 0, 6
8675: 20.800015, 1798.744253, 5, 0, 5
8597: 26.855322, 2400.961133, 8, 0, 8
8676: 21.367449, 1801.702451, 9, 0, 9
8699: 21.519478, 1804.787347, 6, 0, 6
8667: 21.307319, 1806.242132, 7, 0, 7
8718: 20.743072, 1805.349400, 6, 0, 6
8577: 26.877820, 2411.142033, 7, 0, 7
8619: 20.865450, 1813.257808, 5, 0, 5
8684: 20.729115, 1810.510744, 4, 0, 4
8617: 16.832078, 1561.059231, 4, 0, 4
8492: 26.537203, 3258.876288, 8, 0, 8
8501: 26.612802, 3271.909723, 7, 0, 7
8537: 25.453434, 2698.938015, 6, 0, 6
8536: 26.257591, 2700.587135, 6, 0, 6
8471: 27.031417, 3275.882631, 8, 0, 8
8476: 27.377823, 3279.325230, 7, 0, 7
8575: 20.455232, 2198.889489, 6, 0, 6
8561: 21.312396, 2198.642572, 12, 0, 12
8720: 21.132130, 1816.616458, 6, 0, 6
8538: 26.127523, 2716.704129, 7, 0, 7
8509: 25.072637, 2722.867617, 9, 0, 9
8507: 23.912661, 2724.116308, 6, 0, 6
8522: 26.328022, 2724.789281, 6, 0, 6
8607: 21.797854, 1873.934169, 5, 0, 5
8521: 25.233423, 2726.289301, 14, 0, 14
8553: 25.172718, 2731.446888, 7, 0, 7
8481: 27.707914, 3313.757322, 7, 0, 7
8571: 21.528440, 2233.860863, 5, 0, 5
8523: 25.687759, 2762.244761, 9, 0, 9
8443: 28.662307, 3335.232622, 10, 0, 10
8445: 28.677546, 3337.328441, 8, 0, 8
8474: 28.680018, 3336.585770, 7, 0, 7
8478: 28.361969, 3333.932618, 9, 0, 9
8569: 22.775381, 2248.359132, 4, 0, 4
8643: 22.596531, 1823.087976, 7, 0, 7
8634: 21.273003, 1824.381388, 5, 0, 5
8658: 20.278703, 1825.894961, 5, 0, 5
8659: 21.647406, 1822.977257, 6, 0, 6
8541: 26.822249, 2763.715441, 8, 0, 8
8530: 26.966782, 2777.682473, 8, 0, 8
8573: 22.033383, 2262.736721, 6, 0, 6
8547: 28.420859, 2777.836736, 7, 0, 7
8598: 20.818283, 2262.908722, 7, 0, 7
8456: 28.948611, 3355.481117, 10, 0, 10
8656: 15.695771, 1668.774464, 5, 0, 5
8545: 27.269314, 2787.578550, 7, 0, 7
8487: 28.666732, 3361.041093, 7, 0, 7
8528: 27.445844, 2789.736330, 9, 0, 9
8497: 28.524373, 3364.945326, 10, 0, 10
8519: 26.314120, 2793.518918, 13, 0, 13
8587: 26.430647, 2426.262862, 8, 0, 8
8453: 29.094539, 3366.807479, 8, 0, 8
8479: 29.159200, 3369.482396, 8, 0, 8
8588: 22.055295, 2278.892492, 5, 0, 5
8645: 18.618522, 1682.216492, 5, 0, 5
8457: 29.347113, 3375.446786, 7, 0, 7
8552: 26.437542, 2801.842533, 6, 0, 6
8595: 22.345124, 2285.623034, 5, 0, 5
8596: 20.666303, 2290.809885, 5, 0, 5
8498: 25.513779, 3180.040345, 6, 0, 6
8562: 22.927982, 2296.939134, 7, 0, 7
8586: 21.101617, 2299.406729, 5, 0, 5
8640: 23.208855, 1826.992164, 5, 0, 5
8686: 22.984664, 1825.179199, 9, 0, 9
8566: 28.112280, 2430.196807, 12, 0, 12
8695: 16.470699, 1702.208957, 5, 0, 5
8574: 29.706706, 2429.293898, 11, 0, 11
8549: 30.874984, 2945.447922, 10, 0, 10
8671: 22.745882, 1828.516941, 5, 0, 5
8558: 23.217913, 2304.778040, 7, 0, 7
8655: 20.523233, 1831.341066, 7, 0, 7
8508: 27.129097, 2825.397721, 10, 0, 10
8503: 29.402350, 3396.071616, 7, 0, 7
8448: 29.555128, 3402.391796, 10, 0, 10
8605: 22.380948, 1883.432425, 6, 0, 6
8608: 19.767367, 1742.348048, 5, 0, 5
8665: 17.606010, 1710.326477, 4, 0, 4
8621: 18.112713, 1713.697169, 5, 0, 5
8681: 24.046502, 1830.931566, 11, 0, 11
8694: 20.561371, 1833.888903, 6, 0, 6
8638: 27.313178, 1829.779052, 16, 0, 16
8649: 24.668221, 1834.161510, 15, 0, 15
8625: 22.003544, 1835.349563, 6, 0, 6
8486: 29.991763, 3407.469280, 8, 0, 8
8559: 24.157456, 2319.711095, 7, 0, 7
8531: 23.400558, 2479.395712, 5, 0, 5
8512: 27.878722, 2839.641548, 8, 0, 8
8637: 17.874529, 1723.028268, 4, 0, 4
8518: 27.888592, 2842.646185, 8, 0, 8
8672: 25.447251, 1833.161509, 8, 0, 8
8593: 28.309788, 2435.288086, 10, 0, 10
8594: 28.180186, 2435.731644, 11, 0, 11
8604: 23.500790, 1888.287877, 5, 0, 5
8610: 18.476417, 1727.746170, 6, 0, 6
8603: 19.148353, 1779.282782, 6, 0, 6
8650: 25.680401, 1836.187539, 12, 0, 12
8669: 23.264459, 1840.151190, 8, 0, 8
8590: 29.113679, 2439.206548, 9, 0, 9
8687: 22.744948, 1840.181246, 9, 0, 9
8644: 26.738098, 1840.390085, 10, 0, 10
8652: 17.397367, 1722.756254, 4, 0, 4
8647: 26.901037, 1841.559443, 8, 0, 8
8639: 28.132596, 1842.111907, 9, 0, 9
8728: 21.596337, 1845.345145, 6, 0, 6
8657: 17.767255, 1730.285253, 8, 0, 8
8631: 18.779751, 1734.380852, 5, 0, 5
8653: 21.785730, 1850.547740, 7, 0, 7
8730: 17.717199, 1731.554652, 5, 0, 5
8670: 23.769098, 1851.722586, 6, 0, 6
8668: 18.903301, 1732.925248, 6, 0, 6
8572: 23.303781, 2340.028079, 8, 0, 8
8674: 23.658163, 1852.928558, 9, 0, 9
8722: 23.346755, 1851.336066, 7, 0, 7
8724: 22.764238, 1854.330514, 6, 0, 6
8706: 23.004327, 1855.311367, 6, 0, 6
8606: 23.952683, 1907.798054, 6, 0, 6
8616: 25.615108, 1860.155379, 9, 0, 9
8713: 23.225704, 1858.370664, 6, 0, 6
8611: 23.690731, 1864.749207, 8, 0, 8
8666: 23.554340, 1863.925096, 7, 0, 7
8727: 23.933954, 1861.140176, 9, 0, 9
8622: 24.454961, 1865.105343, 6, 0, 6
8614: 23.930917, 1868.326088, 7, 0, 7
8711: 25.974748, 1860.467962, 8, 0, 8
8683: 23.864000, 1863.677914, 8, 0, 8
8698: 26.294990, 1864.353998, 12, 0, 12
8624: 26.019717, 1867.829486, 6, 0, 6
8678: 24.180092, 1870.778749, 6, 0, 6
8708: 24.429153, 1869.333625, 8, 0, 8
8626: 25.262524, 1871.987759, 7, 0, 7
8691: 25.067501, 1870.511972, 8, 0, 8
8723: 20.448695, 1732.824561, 5, 0, 5
8685: 20.003500, 1734.906444, 5, 0, 5
8599: 21.532507, 2342.686012, 6, 0, 6
8461: 30.388208, 3433.423070, 8, 0, 8
8546: 29.423481, 2857.390853, 9, 0, 9
8620: 19.108774, 1747.059252, 6, 0, 6
8600: 22.401545, 2349.338803, 6, 0, 6
8581: 26.000721, 2353.186968, 6, 0, 6
8579: 24.679387, 2355.622336, 7, 0, 7
8646: 21.956673, 1754.345791, 8, 0, 8
8679: 24.874045, 1874.476831, 9, 0, 9
8513: 28.761427, 2874.570462, 10, 0, 10
8726: 26.504219, 1870.463990, 14, 0, 14
8712: 19.437556, 1754.125859, 5, 0, 5
8585: 23.300054, 2357.786430, 5, 0, 5
8628: 19.439944, 1761.720089, 7, 0, 7
8707: 20.829846, 1756.962049, 5, 0, 5
8504: 30.750858, 3450.861616, 9, 0, 9
8715: 19.415665, 1759.514204, 5, 0, 5
8582: 25.337720, 2361.149335, 7, 0, 7
8636: 20.271164, 1764.517334, 6, 0, 6
8710: 20.011819, 1761.647178, 5, 0, 5
8578: 25.000586, 2366.411764, 7, 0, 7
8704: 20.007833, 1763.178558, 6, 0, 6
8564: 25.524863, 2369.813733, 8, 0, 8
8709: 26.811899, 1872.188846, 11, 0, 11
8584: 27.294926, 2367.145618, 7, 0, 7
8580: 25.126422, 2370.668855, 8, 0, 8
8641: 20.297569, 1770.420154, 6, 0, 6
8551: 28.967513, 2887.669247, 9, 0, 9
8635: 21.993348, 1771.305585, 4, 0, 4
8688: 19.261161, 1771.810291, 5, 0, 5
8705: 20.394238, 1777.803973, 5, 0, 5
8576: 26.019028, 2381.014986, 6, 0, 6
8654: 18.768368, 1781.480625, 5, 0, 5
8526: 30.333633, 2898.189737, 10, 0, 10
8517: 24.938438, 2542.420155, 7, 0, 7
8663: 19.820309, 1783.774098, 4, 0, 4
8664: 25.987602, 1875.410073, 10, 0, 10
8729: 27.903310, 1872.978795, 8, 0, 8
8697: 26.282822, 1876.200070, 9, 0, 9
8677: 26.959912, 1876.175595, 15, 0, 15
8725: 27.019199, 1875.988803, 9, 0, 9
8700: 27.788516, 1874.361976, 11, 0, 11
8623: 24.796426, 1880.763411, 7, 0, 7
8692: 28.146853, 1877.456370, 8, 0, 8
8721: 25.615836, 1879.633997, 6, 0, 6
8693: 29.592385, 1877.536220, 18, 0, 18
8632: 26.958581, 1883.201639, 11, 0, 11
8618: 25.336180, 1885.685499, 6, 0, 6
8703: 25.736051, 1880.963047, 10, 0, 10
8660: 27.314559, 1880.447552, 8, 0, 8
8609: 25.152849, 1886.231391, 8, 0, 8
8612: 21.964976, 1783.988125, 6, 0, 6
8696: 18.976529, 1787.641628, 7, 0, 7
8648: 21.445662, 1787.197770, 5, 0, 5
8567: 26.361069, 2389.229289, 8, 0, 8
8702: 26.324145, 1883.214134, 6, 0, 6
8633: 20.019302, 1789.323561, 5, 0, 5
8591: 26.487444, 2389.935918, 6, 0, 6
8642: 21.584236, 1792.478873, 6, 0, 6
8662: 21.375028, 1790.657080, 10, 0, 10
8613: 26.661693, 1887.197777, 12, 0, 12
8682: 27.495685, 1883.326111, 13, 0, 13
8615: 26.856380, 1888.394928, 10, 0, 10
8630: 26.989549, 1887.822793, 7, 0, 7
8717: 26.330921, 1883.025278, 6, 0, 6
8629: 27.629981, 1887.218043, 11, 0, 11
8602: 26.584700, 1939.881618, 9, 0, 9
8719: 26.056499, 1885.260544, 7, 0, 7
8661: 27.717527, 1885.350212, 11, 0, 11
8680: 28.346517, 1886.464529, 11, 0, 11
8689: 28.540706, 1886.285324, 10, 0, 10
8701: 27.224080, 1887.048537, 8, 0, 8
8627: 27.617165, 1889.816818, 7, 0, 7
8601: 30.265517, 1937.951710, 16, 0, 16
8673: 29.338761, 1886.644155, 7, 0, 7
8714: 27.506667, 1887.652309, 8, 0, 8
8716: 27.748582, 1887.310625, 9, 0, 9
