6715: 18.342705, 749.629813, 15, 0, 15
6710: 20.286765, 1339.940214, 46, 0, 46
6868: 13.783335, 1376.025464, 4, 0, 4
6841: 15.334077, 1667.582018, 4, 0, 4
6713: 18.530467, 1717.690041, 6, 0, 6
6899: 16.289612, 1716.338327, 4, 0, 4
6876: 16.410503, 1753.327066, 5, 0, 5
6893: 16.652730, 1808.379628, 6, 0, 6
6850: 15.602294, 1907.201338, 4, 0, 4
6883: 17.445224, 1911.796406, 5, 0, 5
6818: 16.682557, 1934.559243, 5, 0, 5
6866: 15.232587, 1942.406665, 4, 0, 4
6867: 17.404076, 1940.161117, 5, 0, 5
6906: 17.499511, 1943.403429, 4, 0, 4
6798: 14.563512, 1949.827644, 4, 0, 4
6842: 16.852363, 1957.605031, 4, 0, 4
6916: 17.476082, 1955.251258, 4, 0, 4
6720: 15.512623, 1985.140389, 4, 0, 4
6794: 15.554472, 2061.005428, 4, 0, 4
6855: 16.440160, 2058.168439, 4, 0, 4
6880: 20.461436, 2061.039924, 4, 0, 4
6891: 18.370308, 2075.003971, 6, 0, 6
6736: 16.950258, 2102.557354, 5, 0, 5
6734: 17.154537, 2130.681840, 5, 0, 5
6849: 17.005269, 2125.776161, 4, 0, 4
6797: 16.109693, 2128.427234, 4, 0, 4
6910: 18.842948, 2129.637520, 5, 0, 5
6870: 18.895731, 2134.774411, 6, 0, 6
6843: 18.535026, 2148.038796, 6, 0, 6
6913: 19.040184, 2149.235848, 5, 0, 5
6990: 13.573690, 2075.772225, 3, 0, 3
6945: 15.323900, 2110.970038, 4, 0, 4
6898: 19.105771, 2209.643455, 7, 0, 7
6717: 17.754990, 2230.626740, 5, 0, 5
6889: 19.302995, 2229.929247, 5, 0, 5
6820: 18.682961, 2244.987861, 6, 0, 6
6858: 17.912882, 2248.173936, 4, 0, 4
6885: 19.483112, 2262.643093, 5, 0, 5
6731: 18.681883, 2289.025094, 6, 0, 6
6839: 18.842163, 2287.891931, 5, 0, 5
6800: 16.643756, 2295.291858, 4, 0, 4
6875: 19.657353, 2322.189049, 6, 0, 6
6724: 18.152259, 2329.991200, 8, 0, 8
6862: 18.037671, 2343.998978, 5, 0, 5
6967: 15.763521, 2286.256623, 4, 0, 4
6833: 20.856938, 2394.112124, 6, 0, 6
6853: 18.825001, 2395.669667, 4, 0, 4
6822: 19.775299, 2399.475009, 5, 0, 5
6840: 19.474232, 2415.531950, 5, 0, 5
6825: 20.235367, 2435.963883, 6, 0, 6
6874: 20.215641, 2438.538628, 6, 0, 6
6814: 20.101347, 2447.252243, 5, 0, 5
6859: 19.575145, 2455.697891, 5, 0, 5
6864: 19.510348, 2466.433328, 5, 0, 5
6950: 20.777169, 2869.638784, 5, 0, 5
6988: 18.568943, 2870.772803, 4, 0, 4
6890: 20.448428, 2468.476332, 6, 0, 6
6894: 20.639459, 2484.317944, 6, 0, 6
7036: 18.181524, 2646.030901, 4, 0, 4
6929: 16.595983, 2401.986582, 4, 0, 4
6829: 24.523209, 2966.528835, 6, 0, 6
6744: 22.480857, 2501.102591, 5, 0, 5
7107: 16.937576, 2653.049074, 4, 0, 4
6737: 22.564977, 2977.176158, 5, 0, 5
6716: 19.030408, 2525.341527, 7, 0, 7
6940: 16.860182, 2437.363726, 4, 0, 4
7013: 15.290947, 2436.839369, 3, 0, 3
6852: 20.252541, 2534.081629, 5, 0, 5
6823: 21.120195, 2539.167362, 6, 0, 6
6981: 18.879399, 2888.320085, 5, 0, 5
6911: 21.012291, 2536.504168, 5, 0, 5
6972: 20.820298, 2888.549569, 6, 0, 6
6782: 20.014472, 2986.640743, 5, 0, 5
7136: 18.206523, 2658.467058, 4, 0, 4
6970: 19.394842, 2893.201184, 6, 0, 6
6832: 25.293699, 2981.435265, 6, 0, 6
7050: 18.348969, 2664.869583, 5, 0, 5
7096: 17.958549, 2679.837373, 4, 0, 4
6900: 24.833111, 2997.154496, 9, 0, 9
7003: 19.367546, 2913.104044, 5, 0, 5
6928: 20.546083, 2918.157031, 8, 0, 8
6729: 22.842932, 3014.076156, 10, 0, 10
6983: 19.180875, 2917.980881, 4, 0, 4
6756: 17.320760, 3025.171277, 5, 0, 5
6966: 20.362934, 2933.197100, 8, 0, 8
6949: 21.384923, 2936.621822, 10, 0, 10
7071: 16.695424, 2718.023642, 6, 0, 6
6753: 17.522365, 3045.165755, 4, 0, 4
6730: 22.862836, 3042.890197, 11, 0, 11
6775: 22.395691, 3042.813999, 5, 0, 5
7068: 16.921823, 2721.911734, 8, 0, 8
6918: 16.932234, 2452.299162, 4, 0, 4
6745: 22.875192, 2544.779067, 6, 0, 6
6995: 19.155441, 2965.655785, 5, 0, 5
6821: 25.232138, 3053.964618, 5, 0, 5
6851: 20.392969, 2546.591341, 5, 0, 5
6904: 21.338652, 2551.382092, 6, 0, 6
6816: 21.557123, 2562.064918, 6, 0, 6
6902: 21.641226, 2562.969880, 6, 0, 6
6769: 20.870041, 3080.406458, 6, 0, 6
6810: 22.443396, 3085.058699, 6, 0, 6
6771: 21.030938, 3092.545892, 5, 0, 5
7000: 21.649195, 3006.925854, 5, 0, 5
6977: 20.290337, 3021.157717, 6, 0, 6
6799: 22.776805, 3113.642000, 6, 0, 6
7035: 18.798819, 2805.152071, 4, 0, 4
6752: 18.344217, 3132.599634, 4, 0, 4
6914: 25.211815, 3130.016777, 6, 0, 6
6869: 22.378040, 2567.272331, 7, 0, 7
6892: 23.124259, 2570.143079, 6, 0, 6
6847: 20.622755, 2574.089646, 5, 0, 5
6755: 18.491043, 3156.262091, 5, 0, 5
7051: 19.092295, 2832.460393, 5, 0, 5
6994: 20.119348, 3068.931818, 6, 0, 6
6993: 20.180888, 3072.625635, 5, 0, 5
6772: 21.650695, 3175.912643, 7, 0, 7
6878: 21.700793, 2572.323382, 7, 0, 7
6746: 18.701621, 3184.199164, 5, 0, 5
6959: 19.272675, 2490.533650, 4, 0, 4
6908: 21.726014, 2583.153843, 6, 0, 6
6791: 18.907977, 2593.984160, 5, 0, 5
6872: 21.872938, 2604.048573, 6, 0, 6
6895: 21.899869, 2604.122796, 5, 0, 5
6873: 23.703370, 2605.928168, 6, 0, 6
6780: 21.806318, 3190.925568, 6, 0, 6
6857: 24.305288, 3185.745003, 6, 0, 6
6963: 17.501555, 2521.322934, 5, 0, 5
6783: 21.824449, 3194.792315, 6, 0, 6
6819: 21.758778, 2614.031995, 6, 0, 6
6920: 21.035753, 3111.231765, 6, 0, 6
7093: 18.415454, 2884.017093, 4, 0, 4
6722: 23.414378, 3208.777282, 7, 0, 7
6982: 20.802246, 3116.512181, 6, 0, 6
7117: 18.662984, 2894.723783, 4, 0, 4
7046: 19.739794, 2899.969874, 6, 0, 6
6935: 21.350705, 3129.499492, 5, 0, 5
6925: 21.499547, 3132.005769, 6, 0, 6
7054: 19.787084, 2903.539924, 4, 0, 4
6856: 24.614511, 3221.730247, 7, 0, 7
6979: 21.124206, 3136.668678, 7, 0, 7
7009: 21.230484, 3135.567422, 5, 0, 5
6727: 23.858906, 3232.244133, 7, 0, 7
6721: 23.948502, 3236.702259, 7, 0, 7
6933: 21.661875, 3144.422608, 6, 0, 6
6754: 19.189987, 3244.081292, 4, 0, 4
6826: 25.632226, 3234.071875, 6, 0, 6
7004: 20.268825, 3152.174081, 5, 0, 5
7148: 16.705860, 2923.620355, 4, 0, 4
6747: 19.345209, 3263.426465, 6, 0, 6
6992: 20.972873, 3167.640657, 5, 0, 5
7108: 18.638352, 2939.427772, 5, 0, 5
6991: 21.025911, 3168.405551, 5, 0, 5
6948: 21.830303, 3168.720233, 5, 0, 5
6735: 24.140953, 3265.769422, 7, 0, 7
6725: 24.144376, 3266.348354, 7, 0, 7
6848: 25.159829, 3261.621547, 7, 0, 7
6917: 26.226790, 3257.960159, 6, 0, 6
6766: 21.554369, 3272.632870, 5, 0, 5
6951: 18.476078, 2523.907329, 4, 0, 4
6812: 19.756708, 2619.995205, 9, 0, 9
6974: 16.712574, 2528.904162, 4, 0, 4
6934: 17.681321, 2537.395340, 4, 0, 4
6807: 23.865528, 3260.019555, 4, 0, 4
6965: 21.795686, 3183.752983, 6, 0, 6
6792: 24.087691, 3276.224012, 6, 0, 6
7028: 19.767319, 3183.942662, 5, 0, 5
6881: 22.034874, 2640.713419, 6, 0, 6
6941: 21.994483, 3188.386147, 6, 0, 6
7006: 16.285305, 2553.766807, 4, 0, 4
6903: 22.054360, 2650.766305, 6, 0, 6
6927: 17.871875, 2564.993574, 5, 0, 5
6955: 24.251002, 3191.033909, 6, 0, 6
6728: 24.362037, 3290.235679, 7, 0, 7
6877: 22.086374, 2655.751406, 6, 0, 6
6969: 17.030606, 2568.411158, 4, 0, 4
7043: 17.617887, 2342.160669, 4, 0, 4
6942: 17.967384, 2572.708295, 4, 0, 4
6802: 19.314309, 2676.535710, 4, 0, 4
6901: 22.182056, 2675.659427, 6, 0, 6
6827: 22.051903, 2682.045344, 7, 0, 7
6871: 22.257535, 2683.644617, 6, 0, 6
6805: 24.405435, 3303.311102, 6, 0, 6
6958: 18.265855, 2603.635966, 6, 0, 6
6828: 22.131362, 2697.011185, 4, 0, 4
6733: 20.821919, 2731.236513, 7, 0, 7
7106: 18.910653, 2986.571373, 4, 0, 4
7118: 15.603541, 2405.784613, 5, 0, 5
6803: 19.673139, 2732.418041, 4, 0, 4
7039: 22.443718, 2992.998695, 4, 0, 4
7073: 18.408135, 2997.319900, 5, 0, 5
6860: 25.259602, 3313.883826, 7, 0, 7
6764: 17.225769, 2740.269140, 6, 0, 6
6923: 18.585455, 2650.260539, 5, 0, 5
6836: 22.040067, 2740.567700, 7, 0, 7
6921: 18.682856, 2653.122362, 5, 0, 5
6712: 24.991693, 2743.098399, 6, 0, 6
6740: 16.024291, 2752.770958, 4, 0, 4
6964: 22.393793, 3239.340339, 6, 0, 6
6937: 22.556518, 3243.813689, 6, 0, 6
7010: 20.863100, 3247.450736, 5, 0, 5
7058: 18.741250, 3020.231363, 5, 0, 5
6808: 24.558194, 3343.018958, 6, 0, 6
6978: 22.097400, 3252.614681, 7, 0, 7
6811: 24.609052, 3347.239528, 7, 0, 7
6723: 24.945442, 3351.103750, 8, 0, 8
7031: 20.381904, 3255.606697, 5, 0, 5
7042: 20.532489, 3027.182353, 5, 0, 5
7162: 16.675799, 2477.607253, 5, 0, 5
6986: 21.940523, 3259.080186, 5, 0, 5
6971: 22.382135, 3263.255044, 7, 0, 7
7174: 16.964613, 2481.882565, 3, 0, 3
6984: 22.050337, 3267.973428, 6, 0, 6
7011: 21.138598, 3271.905972, 6, 0, 6
7078: 18.926151, 3047.801423, 11, 0, 11
6939: 22.804007, 3277.288214, 5, 0, 5
7159: 17.832439, 2492.861290, 4, 0, 4
6774: 23.350294, 3378.187986, 4, 0, 4
6882: 26.969981, 3370.189841, 6, 0, 6
7161: 16.145838, 2502.098924, 4, 0, 4
6757: 20.463822, 3386.241918, 5, 0, 5
7053: 20.856641, 3067.554745, 4, 0, 4
6912: 27.190452, 3383.086197, 7, 0, 7
7109: 19.631806, 3069.027897, 6, 0, 6
6835: 27.405798, 3387.642958, 9, 0, 9
6896: 27.579484, 3385.569048, 6, 0, 6
6980: 22.641850, 3299.946350, 6, 0, 6
6884: 27.274486, 3388.461030, 9, 0, 9
7041: 21.001702, 3073.625033, 5, 0, 5
7145: 18.968398, 3081.469429, 4, 0, 4
6953: 23.106369, 3310.789018, 5, 0, 5
6838: 27.866594, 3407.363542, 6, 0, 6
6844: 27.880468, 3408.265584, 9, 0, 9
7146: 18.992217, 3093.565790, 5, 0, 5
6785: 24.215840, 3416.460911, 7, 0, 7
7215: 15.090177, 2549.794605, 4, 0, 4
6789: 25.773648, 3426.717001, 7, 0, 7
6795: 25.775363, 3426.961964, 7, 0, 7
7091: 19.968569, 3106.220050, 6, 0, 6
6944: 18.693506, 2653.068350, 5, 0, 5
7022: 16.564030, 2663.868200, 4, 0, 4
6786: 20.318875, 2760.682309, 7, 0, 7
6726: 21.126217, 2762.940285, 6, 0, 6
6796: 25.879267, 3435.386586, 7, 0, 7
6962: 23.666802, 3343.326874, 8, 0, 8
7023: 21.701334, 3343.425469, 6, 0, 6
6714: 19.155247, 2765.348471, 4, 0, 4
6711: 26.412053, 2762.210869, 6, 0, 6
6787: 19.938534, 2768.622187, 4, 0, 4
6765: 21.165708, 2768.449305, 5, 0, 5
6719: 21.412694, 2786.660085, 6, 0, 6
6886: 23.124583, 2782.074609, 6, 0, 6
6770: 18.622535, 2790.761864, 5, 0, 5
6837: 22.405578, 2785.289670, 6, 0, 6
6817: 23.256044, 2805.161986, 6, 0, 6
7173: 16.904592, 2569.304405, 5, 0, 5
6973: 18.107052, 2723.201038, 6, 0, 6
6865: 21.812519, 2817.873055, 6, 0, 6
6922: 19.293814, 2733.081759, 5, 0, 5
6961: 19.287730, 2738.483411, 5, 0, 5
7113: 19.920987, 3125.561328, 6, 0, 6
7027: 16.966979, 2738.848782, 5, 0, 5
6815: 23.213406, 2836.085845, 7, 0, 7
7016: 17.460417, 2747.669784, 5, 0, 5
6738: 21.762699, 2845.865971, 5, 0, 5
6930: 19.765914, 2755.100902, 5, 0, 5
6915: 23.557439, 2852.941166, 6, 0, 6
6887: 23.567984, 2855.895932, 8, 0, 8
6854: 22.604734, 2867.725306, 5, 0, 5
6801: 20.711928, 2875.299906, 8, 0, 8
7045: 22.847852, 3126.050871, 10, 0, 10
7056: 15.845399, 2559.098875, 4, 0, 4
6768: 19.246620, 2886.168362, 4, 0, 4
7001: 22.511234, 3358.027813, 6, 0, 6
7103: 16.138309, 2561.529827, 4, 0, 4
6776: 24.623085, 3456.348439, 7, 0, 7
6932: 23.783985, 3362.743700, 9, 0, 9
6863: 26.798447, 3455.042994, 8, 0, 8
6845: 28.414207, 3453.984399, 9, 0, 9
6831: 27.742752, 3455.227387, 7, 0, 7
7116: 19.955716, 3141.749863, 5, 0, 5
6879: 27.753544, 3466.164792, 8, 0, 8
6743: 30.896099, 3468.716598, 9, 0, 9
6777: 24.901536, 3473.084034, 6, 0, 6
6741: 21.164766, 3478.822015, 4, 0, 4
7072: 20.055574, 3157.013600, 6, 0, 6
7061: 20.108747, 3162.849052, 8, 0, 8
7083: 20.133195, 3163.459092, 7, 0, 7
6989: 23.648225, 3389.330761, 6, 0, 6
6749: 22.537553, 3492.158919, 6, 0, 6
6931: 19.841192, 2790.737568, 5, 0, 5
6861: 22.578148, 2888.104033, 6, 0, 6
6919: 19.723987, 2804.173597, 4, 0, 4
6907: 23.907373, 2900.584832, 7, 0, 7
6834: 23.162572, 2903.593144, 7, 0, 7
6897: 28.444258, 3484.682319, 7, 0, 7
6926: 19.826527, 2814.868486, 5, 0, 5
6946: 19.993872, 2818.458185, 5, 0, 5
6830: 24.102971, 2939.138549, 6, 0, 6
7100: 16.585044, 2622.009340, 4, 0, 4
6767: 26.357291, 3495.164125, 8, 0, 8
7131: 20.419054, 3172.546729, 5, 0, 5
7139: 16.035193, 2621.690940, 3, 0, 3
7123: 16.847018, 2624.552821, 7, 0, 7
6761: 16.680159, 2953.267162, 4, 0, 4
7047: 18.029998, 2633.485506, 6, 0, 6
6952: 20.135600, 2862.052281, 5, 0, 5
7213: 18.783721, 2621.941598, 4, 0, 4
6759: 22.358145, 3512.097642, 7, 0, 7
7065: 20.579944, 3190.204737, 5, 0, 5
6960: 20.617886, 2865.088908, 4, 0, 4
6790: 26.958871, 3509.343960, 7, 0, 7
6751: 23.955124, 3518.662981, 6, 0, 6
6804: 27.056899, 3516.884232, 7, 0, 7
6793: 27.093740, 3521.124302, 6, 0, 6
6788: 25.723686, 3417.705847, 9, 0, 9
6809: 27.138289, 3524.603742, 8, 0, 8
6997: 24.120432, 3433.064492, 7, 0, 7
6846: 28.037490, 3522.531042, 7, 0, 7
7018: 22.938680, 3437.524225, 6, 0, 6
7160: 17.652278, 2658.881485, 4, 0, 4
7147: 19.367250, 3213.372945, 5, 0, 5
6905: 28.792852, 3532.210933, 8, 0, 8
6985: 24.587152, 3444.904549, 9, 0, 9
6987: 24.539615, 3446.053254, 6, 0, 6
7280: 16.250771, 2307.097386, 4, 0, 4
6813: 27.809581, 3543.973102, 7, 0, 7
6773: 25.806327, 3547.625704, 7, 0, 7
7241: 19.406221, 2672.939630, 7, 0, 7
7166: 19.791287, 2674.822045, 4, 0, 4
7226: 18.220745, 2686.125249, 5, 0, 5
6763: 25.140122, 3568.844390, 7, 0, 7
6760: 22.948035, 3572.358426, 5, 0, 5
7150: 19.474954, 3257.915796, 5, 0, 5
6909: 29.055071, 3583.374107, 7, 0, 7
7135: 20.830034, 3269.790061, 5, 0, 5
6996: 25.034695, 3515.705268, 8, 0, 8
6976: 26.932266, 3518.838761, 7, 0, 7
6778: 26.560234, 3617.283759, 9, 0, 9
7236: 18.672401, 2745.417507, 5, 0, 5
7024: 23.058719, 3533.258571, 7, 0, 7
7237: 18.687195, 2761.699487, 8, 0, 8
6758: 23.737900, 3650.509895, 5, 0, 5
7048: 23.120209, 3332.498749, 9, 0, 9
7119: 21.565456, 3344.075959, 5, 0, 5
6718: 27.584081, 3676.393136, 7, 0, 7
7137: 21.109210, 3351.644269, 5, 0, 5
7171: 18.301550, 2812.011838, 5, 0, 5
7183: 16.720188, 2816.914667, 5, 0, 5
7084: 21.612915, 3377.180847, 8, 0, 8
7175: 18.982043, 2826.852260, 6, 0, 6
7212: 17.193173, 2827.557243, 6, 0, 6
7205: 17.214306, 2837.322824, 4, 0, 4
7090: 22.097398, 3404.408058, 6, 0, 6
7194: 17.087674, 2860.746080, 8, 0, 8
7080: 21.934867, 3415.426738, 8, 0, 8
6954: 25.922555, 3648.000064, 6, 0, 6
6956: 26.051648, 3660.808110, 7, 0, 7
7059: 22.213881, 3437.095937, 6, 0, 6
6947: 26.137879, 3668.517727, 7, 0, 7
7077: 22.272968, 3441.630755, 9, 0, 9
6732: 28.450411, 3771.477971, 11, 0, 11
7062: 22.375522, 3456.788231, 11, 0, 11
7098: 22.279265, 3463.852386, 6, 0, 6
7075: 22.443161, 3472.675697, 6, 0, 6
7085: 22.784286, 3475.934520, 6, 0, 6
6938: 26.888125, 3713.579528, 7, 0, 7
7081: 23.133133, 3486.029621, 10, 0, 10
7195: 18.552080, 2935.455991, 9, 0, 9
6957: 27.204713, 3716.566430, 8, 0, 8
7102: 22.410610, 3495.268887, 6, 0, 6
7104: 22.511761, 3503.292661, 6, 0, 6
7208: 17.671334, 2953.004805, 5, 0, 5
7063: 23.476081, 3503.454302, 7, 0, 7
6888: 30.704772, 3822.349341, 8, 0, 8
7034: 23.947801, 3508.898285, 6, 0, 6
6943: 27.418688, 3740.609709, 6, 0, 6
7015: 23.971783, 3752.194274, 5, 0, 5
7203: 17.947938, 2983.594711, 5, 0, 5
7082: 23.780444, 3538.470010, 13, 0, 13
7064: 23.797136, 3543.461811, 7, 0, 7
7057: 23.907156, 3547.848933, 7, 0, 7
7105: 22.882165, 3550.665442, 6, 0, 6
6924: 27.873688, 3787.947393, 6, 0, 6
7095: 23.135183, 3558.758600, 5, 0, 5
7254: 15.728421, 2652.140404, 4, 0, 4
7040: 24.448343, 3567.320143, 7, 0, 7
6936: 28.079174, 3794.647927, 15, 0, 15
7017: 24.307624, 3796.093087, 6, 0, 6
7184: 19.475804, 3016.089102, 9, 0, 9
7069: 24.266649, 3570.836298, 14, 0, 14
7111: 23.025664, 3570.820158, 5, 0, 5
7005: 24.710846, 3805.392575, 6, 0, 6
7066: 24.494531, 3575.761200, 8, 0, 8
7210: 19.043682, 3022.422867, 4, 0, 4
6750: 24.457747, 3906.992147, 6, 0, 6
7086: 24.613053, 3578.314556, 12, 0, 12
7176: 19.874525, 3028.742348, 10, 0, 10
6975: 26.866927, 3814.886760, 6, 0, 6
7158: 19.259753, 3039.150611, 4, 0, 4
7223: 20.219387, 3036.266562, 7, 0, 7
7012: 24.716151, 3820.613447, 5, 0, 5
7217: 18.784797, 3046.242687, 8, 0, 8
7243: 19.861674, 3049.007123, 6, 0, 6
7114: 24.896900, 3601.892022, 8, 0, 8
7087: 23.692514, 3603.722753, 6, 0, 6
7248: 19.769568, 3050.608672, 5, 0, 5
7099: 23.961896, 3606.651701, 7, 0, 7
6968: 28.541781, 3837.562856, 7, 0, 7
7038: 25.200189, 3614.532298, 6, 0, 6
7229: 20.606311, 3059.951696, 5, 0, 5
7079: 25.062186, 3621.265299, 8, 0, 8
7060: 25.072123, 3622.053974, 6, 0, 6
6742: 24.842108, 3950.210843, 9, 0, 9
7055: 25.093005, 3622.324944, 7, 0, 7
7115: 25.183092, 3621.685686, 7, 0, 7
7245: 20.111913, 3067.651183, 6, 0, 6
6998: 26.877555, 3853.562963, 7, 0, 7
7153: 20.071228, 3075.032304, 5, 0, 5
6739: 24.857875, 3954.915439, 6, 0, 6
7020: 25.468183, 3858.560582, 6, 0, 6
7157: 20.363461, 3079.959970, 7, 0, 7
7143: 23.770230, 3632.699107, 6, 0, 6
7125: 23.621371, 3636.487974, 6, 0, 6
6784: 28.617887, 3960.393022, 9, 0, 9
7216: 19.320932, 3085.805833, 5, 0, 5
7220: 19.383260, 3088.368460, 6, 0, 6
7200: 19.679951, 3089.499639, 8, 0, 8
6762: 25.817928, 3967.898069, 7, 0, 7
7030: 25.436089, 3870.264636, 5, 0, 5
7122: 23.966221, 3649.610000, 4, 0, 4
7222: 21.315339, 3099.666535, 6, 0, 6
7052: 25.718185, 3653.873060, 6, 0, 6
7238: 20.960475, 3099.664604, 6, 0, 6
7267: 17.462259, 2746.403487, 5, 0, 5
7133: 23.703014, 3655.853157, 6, 0, 6
7163: 20.820392, 3107.954447, 5, 0, 5
7193: 22.166677, 3107.247212, 11, 0, 11
7074: 25.416257, 3663.918254, 10, 0, 10
7185: 20.906941, 3113.206249, 6, 0, 6
7180: 22.318588, 3115.631432, 6, 0, 6
7275: 17.963775, 2763.183517, 6, 0, 6
6999: 27.712060, 3900.881725, 8, 0, 8
6781: 22.957344, 3130.072223, 6, 0, 6
7014: 26.352903, 3905.841473, 7, 0, 7
7192: 20.725715, 3124.658387, 7, 0, 7
7130: 24.082557, 3678.622505, 8, 0, 8
7121: 24.343385, 3681.392997, 8, 0, 8
7128: 24.269676, 3684.720856, 9, 0, 9
7029: 26.041055, 3915.423551, 6, 0, 6
7187: 20.745970, 3132.958045, 11, 0, 11
7325: 14.939949, 2164.274646, 3, 0, 3
7021: 27.786523, 3920.095773, 9, 0, 9
7278: 18.255118, 2789.133094, 4, 0, 4
7101: 25.074118, 3700.584422, 6, 0, 6
7124: 24.595882, 3700.443493, 7, 0, 7
7129: 24.525380, 3708.353046, 7, 0, 7
7189: 21.223511, 3160.579886, 12, 0, 12
7265: 18.308336, 2821.261714, 6, 0, 6
7191: 21.428446, 3175.997999, 7, 0, 7
6748: 27.443965, 4059.343706, 6, 0, 6
7140: 24.463667, 3732.152327, 6, 0, 6
7008: 27.231142, 3962.374342, 7, 0, 7
7225: 22.774495, 3177.801278, 6, 0, 6
7233: 22.619925, 3180.833680, 6, 0, 6
7277: 18.905060, 2824.105289, 4, 0, 4
7141: 24.470381, 3734.374927, 6, 0, 6
7199: 20.619591, 3193.300296, 6, 0, 6
7097: 25.494758, 3745.215334, 6, 0, 6
7235: 22.612897, 3190.171709, 6, 0, 6
7076: 26.401964, 3748.091226, 7, 0, 7
7214: 20.666531, 3196.164889, 6, 0, 6
7240: 23.372131, 3192.623831, 6, 0, 6
7206: 20.719369, 3208.796936, 5, 0, 5
7088: 25.578935, 3761.331372, 7, 0, 7
7070: 26.535438, 3768.022021, 9, 0, 9
7179: 22.097145, 3224.178540, 7, 0, 7
7228: 22.964173, 3225.560904, 6, 0, 6
7002: 27.705528, 4009.036503, 7, 0, 7
7026: 27.002829, 4021.007413, 7, 0, 7
7272: 19.551206, 2883.862332, 5, 0, 5
7269: 19.618058, 2892.137162, 4, 0, 4
7025: 27.110038, 4040.778318, 7, 0, 7
7156: 22.174992, 3269.840936, 6, 0, 6
7089: 26.050057, 3828.157359, 8, 0, 8
7282: 19.791074, 2927.088540, 5, 0, 5
7256: 19.033751, 2937.197707, 5, 0, 5
7302: 16.946065, 2935.664514, 4, 0, 4
7154: 22.274942, 3295.030311, 6, 0, 6
7152: 22.331650, 3304.703881, 7, 0, 7
7032: 28.793617, 4094.781564, 9, 0, 9
7244: 24.343063, 3311.444610, 5, 0, 5
7224: 24.792782, 3315.745597, 8, 0, 8
7037: 27.851682, 3875.700517, 11, 0, 11
7294: 17.679453, 2967.008731, 6, 0, 6
7196: 21.732010, 3325.109374, 8, 0, 8
7201: 21.767825, 3327.677728, 9, 0, 9
7019: 27.701932, 4108.599746, 8, 0, 8
7049: 27.931718, 3891.280788, 7, 0, 7
7149: 24.820312, 3895.721855, 8, 0, 8
6824: 33.813427, 4221.234090, 12, 0, 12
7255: 19.506855, 2996.561724, 6, 0, 6
7094: 26.799391, 3903.182907, 6, 0, 6
7134: 25.819520, 3910.950594, 8, 0, 8
7112: 26.704882, 3910.673840, 7, 0, 7
7067: 27.563795, 3939.155383, 7, 0, 7
7218: 22.189018, 3427.025070, 5, 0, 5
7219: 22.342827, 3430.505003, 6, 0, 6
7186: 23.313791, 3450.797819, 8, 0, 8
7276: 20.751521, 3106.422159, 6, 0, 6
7296: 18.843897, 3125.528726, 6, 0, 6
7126: 26.241025, 4039.594924, 6, 0, 6
7270: 21.104951, 3130.990370, 7, 0, 7
7286: 19.375960, 3133.651894, 6, 0, 6
7291: 19.204991, 3137.879976, 6, 0, 6
7258: 19.873286, 3144.335694, 6, 0, 6
7209: 23.181782, 3498.246398, 6, 0, 6
7092: 28.216761, 4067.720432, 7, 0, 7
7007: 28.758888, 4297.757756, 8, 0, 8
7284: 20.602413, 3161.493626, 6, 0, 6
7251: 24.063914, 3519.992177, 6, 0, 6
7250: 24.113555, 3523.546514, 7, 0, 7
7044: 29.692809, 4077.687775, 7, 0, 7
7227: 24.887431, 3523.992652, 6, 0, 6
7138: 26.154360, 4078.516531, 7, 0, 7
7268: 20.170483, 3173.545074, 6, 0, 6
7337: 16.967557, 2556.818784, 4, 0, 4
7120: 26.757516, 4081.393039, 6, 0, 6
7170: 23.474654, 3530.262755, 7, 0, 7
7167: 23.746464, 3530.823855, 5, 0, 5
7323: 17.938782, 2570.007875, 5, 0, 5
7279: 21.652739, 3185.361957, 7, 0, 7
6779: 32.930891, 4420.586310, 8, 0, 8
7127: 27.128044, 4102.122788, 7, 0, 7
7110: 28.443400, 4101.242678, 7, 0, 7
7356: 17.032906, 2579.698907, 6, 0, 6
7247: 24.748655, 3550.931682, 6, 0, 6
7132: 27.235556, 4109.578211, 7, 0, 7
7292: 19.879639, 3200.626440, 9, 0, 9
7246: 24.841366, 3554.884604, 6, 0, 6
7188: 24.730281, 3561.224531, 7, 0, 7
7249: 26.020193, 3558.097237, 6, 0, 6
7281: 22.178010, 3208.999912, 5, 0, 5
7198: 24.014903, 3565.492466, 7, 0, 7
7164: 24.419161, 3566.089748, 6, 0, 6
7165: 24.461596, 3568.343447, 6, 0, 6
7285: 21.394762, 3212.610447, 13, 0, 13
7333: 17.760524, 2609.707640, 5, 0, 5
7239: 25.496627, 3575.058713, 7, 0, 7
7423: 12.862824, 1649.641697, 4, 0, 4
7354: 18.472141, 2614.043997, 9, 0, 9
7169: 24.732554, 3585.336478, 4, 0, 4
7253: 21.788427, 3232.767496, 5, 0, 5
7344: 17.153665, 2615.632651, 5, 0, 5
7300: 20.184601, 3236.334750, 5, 0, 5
7263: 21.908279, 3246.857261, 6, 0, 6
7261: 22.140839, 3249.879455, 7, 0, 7
7151: 24.364947, 3609.383882, 6, 0, 6
7181: 25.474242, 3608.268714, 9, 0, 9
7271: 22.780883, 3253.506299, 5, 0, 5
7232: 26.417262, 3610.260574, 6, 0, 6
7299: 20.480756, 3256.289473, 6, 0, 6
7360: 19.100343, 2641.659628, 4, 0, 4
7297: 20.608201, 3260.089860, 5, 0, 5
7320: 19.376041, 2648.110558, 5, 0, 5
7197: 24.887201, 3624.472584, 9, 0, 9
7207: 25.040765, 3633.956206, 7, 0, 7
7306: 21.511771, 2666.194969, 6, 0, 6
7234: 26.619752, 3657.836413, 6, 0, 6
7033: 29.377558, 4222.887188, 7, 0, 7
7310: 19.642827, 2700.404650, 6, 0, 6
7231: 26.828380, 3673.954000, 7, 0, 7
7298: 21.276582, 3327.069227, 9, 0, 9
7335: 18.868472, 2724.333831, 4, 0, 4
7202: 25.716665, 3715.634534, 7, 0, 7
7346: 18.431981, 2757.868388, 6, 0, 6
7295: 21.743452, 3373.178859, 6, 0, 6
7339: 18.831777, 2766.574566, 5, 0, 5
7252: 26.513573, 3737.830112, 6, 0, 6
7340: 19.022222, 2782.568602, 5, 0, 5
6806: 36.533928, 4627.581937, 8, 0, 8
7304: 20.206093, 2803.807660, 5, 0, 5
7178: 26.259866, 3775.810731, 9, 0, 9
7211: 26.368347, 3779.201603, 9, 0, 9
7204: 26.450624, 3791.417565, 9, 0, 9
7262: 22.764469, 3437.622241, 6, 0, 6
7283: 23.086638, 3442.045971, 12, 0, 12
7313: 20.330399, 2835.083559, 5, 0, 5
7264: 22.892470, 3448.572863, 7, 0, 7
7311: 20.336645, 2836.695704, 4, 0, 4
7168: 26.177446, 3812.222084, 6, 0, 6
7257: 22.978064, 3461.059934, 6, 0, 6
7259: 23.181279, 3472.947065, 5, 0, 5
7345: 19.713939, 2861.734630, 6, 0, 6
7144: 29.147600, 4395.515209, 8, 0, 8
7314: 20.835982, 2887.073747, 5, 0, 5
7221: 27.355735, 3861.265225, 12, 0, 12
7142: 29.281231, 4419.830060, 6, 0, 6
7155: 26.588228, 3868.849013, 8, 0, 8
7288: 23.661625, 3517.445358, 6, 0, 6
7361: 19.461445, 2908.830806, 5, 0, 5
7293: 24.534827, 3558.058252, 4, 0, 4
7230: 28.855676, 3928.305329, 8, 0, 8
7242: 28.812806, 3931.052779, 7, 0, 7
7308: 22.099158, 2967.694334, 6, 0, 6
7287: 25.052085, 3583.736493, 7, 0, 7
7341: 21.671332, 2972.106388, 8, 0, 8
7322: 22.349531, 2978.580455, 6, 0, 6
7324: 22.630943, 2988.630930, 7, 0, 7
7347: 20.985922, 2991.924004, 7, 0, 7
7266: 23.930701, 3607.608425, 7, 0, 7
7436: 16.324942, 2053.230509, 8, 0, 8
7317: 23.099438, 3016.678475, 6, 0, 6
7177: 28.554744, 3985.754556, 12, 0, 12
7416: 16.738816, 2065.912351, 6, 0, 6
7190: 28.697220, 3998.432720, 9, 0, 9
7290: 25.498797, 3645.270151, 8, 0, 8
7274: 21.974870, 3197.132859, 6, 0, 6
7364: 21.384126, 3051.162334, 7, 0, 7
7405: 17.021861, 2093.842455, 4, 0, 4
7329: 24.726031, 3054.760382, 7, 0, 7
7348: 21.917958, 3055.323875, 8, 0, 8
7355: 22.003556, 3070.821430, 9, 0, 9
7420: 17.357455, 2124.835512, 4, 0, 4
7260: 25.320362, 3710.335089, 6, 0, 6
7330: 23.358714, 3104.104450, 5, 0, 5
7172: 29.393976, 4108.734786, 9, 0, 9
7413: 17.749582, 2192.566343, 7, 0, 7
7309: 24.170901, 3159.499381, 8, 0, 8
7273: 27.828302, 3799.562701, 7, 0, 7
7351: 23.268762, 3186.334222, 6, 0, 6
7318: 24.320629, 3191.527691, 8, 0, 8
7334: 23.970341, 3195.787938, 6, 0, 6
7429: 18.524535, 2243.221147, 7, 0, 7
7353: 23.406915, 3209.604450, 12, 0, 12
7327: 24.137455, 3215.240802, 8, 0, 8
7362: 24.695672, 3211.860925, 6, 0, 6
7328: 24.142422, 3215.907302, 6, 0, 6
7389: 16.054092, 2259.235685, 4, 0, 4
7501: 14.090888, 1611.118342, 2, 0, 2
7391: 16.273590, 2274.584027, 4, 0, 4
7182: 31.223825, 4223.299138, 10, 0, 10
7359: 23.703599, 3256.729466, 5, 0, 5
7307: 24.972292, 3258.732812, 8, 0, 8
7406: 18.782456, 2304.146272, 6, 0, 6
7331: 24.871124, 3267.087791, 8, 0, 8
7301: 27.458669, 3881.178995, 7, 0, 7
7427: 19.560183, 2330.720094, 5, 0, 5
7428: 19.583233, 2334.772729, 11, 0, 11
7332: 25.400662, 3297.547965, 6, 0, 6
7289: 28.514912, 3908.493321, 9, 0, 9
7343: 25.144599, 3298.808768, 7, 0, 7
7407: 20.171932, 2350.646924, 9, 0, 9
7303: 24.192613, 3316.107411, 7, 0, 7
7350: 24.716079, 3312.460280, 6, 0, 6
7352: 24.792352, 3319.938763, 7, 0, 7
7312: 25.829167, 3326.108507, 8, 0, 8
7363: 24.547786, 3327.796404, 6, 0, 6
7342: 25.779775, 3331.599516, 7, 0, 7
7493: 14.123418, 1731.403862, 4, 0, 4
7316: 26.646888, 3368.958363, 8, 0, 8
7315: 26.658365, 3369.544932, 7, 0, 7
7319: 27.015995, 3376.519528, 8, 0, 8
7431: 20.876828, 2417.073898, 6, 0, 6
7338: 26.680431, 3382.641116, 7, 0, 7
7432: 21.202986, 2428.705362, 6, 0, 6
7349: 27.830660, 3388.864668, 6, 0, 6
7430: 21.317436, 2440.372733, 6, 0, 6
7401: 21.258887, 2441.845427, 6, 0, 6
7366: 17.655731, 2530.325849, 5, 0, 5
7412: 21.619425, 2460.705693, 7, 0, 7
7418: 21.642615, 2460.469519, 9, 0, 9
7397: 17.848000, 2205.494668, 4, 0, 4
7415: 21.630130, 2464.588685, 7, 0, 7
7336: 27.738185, 3451.378451, 7, 0, 7
7326: 27.903914, 3471.582359, 9, 0, 9
7305: 27.986944, 3479.838319, 7, 0, 7
7515: 17.445677, 1871.482281, 5, 0, 5
7387: 18.186422, 2540.866468, 5, 0, 5
7512: 17.793943, 1891.309632, 5, 0, 5
7404: 23.887361, 2546.753836, 5, 0, 5
7395: 18.469609, 2558.315407, 5, 0, 5
7426: 23.034258, 2563.509883, 13, 0, 13
7537: 18.059106, 1926.424530, 5, 0, 5
7444: 16.537190, 1934.498582, 4, 0, 4
7471: 17.143041, 1937.507687, 5, 0, 5
7357: 28.245493, 3549.888106, 9, 0, 9
7526: 18.106366, 1939.639190, 7, 0, 7
7403: 23.091231, 2599.514362, 11, 0, 11
7358: 28.233780, 3564.579330, 11, 0, 11
7424: 23.889418, 2618.140410, 6, 0, 6
7410: 23.909303, 2642.497722, 9, 0, 9
7394: 19.927039, 2655.403551, 6, 0, 6
7479: 17.323512, 2004.624190, 4, 0, 4
7372: 21.625016, 2662.069019, 5, 0, 5
7321: 29.308634, 3621.934226, 7, 0, 7
7527: 19.675689, 2017.024551, 5, 0, 5
7470: 17.605126, 2024.690918, 4, 0, 4
7466: 17.715603, 2032.771887, 4, 0, 4
7511: 20.307585, 2033.879468, 7, 0, 7
7393: 20.610273, 2695.372074, 5, 0, 5
7518: 20.159498, 2040.703950, 11, 0, 11
7399: 24.875736, 2694.620727, 11, 0, 11
7367: 21.045064, 2771.081803, 6, 0, 6
7414: 25.134730, 2709.530905, 12, 0, 12
7497: 21.976346, 2059.413947, 6, 0, 6
7468: 18.328129, 2068.139362, 4, 0, 4
7409: 25.330203, 2729.613979, 6, 0, 6
7435: 25.447282, 2729.088956, 6, 0, 6
7464: 18.835491, 2091.646029, 5, 0, 5
7487: 16.877027, 2092.871833, 4, 0, 4
7510: 20.978678, 2088.072556, 5, 0, 5
7524: 21.369959, 2091.312519, 6, 0, 6
7379: 21.160877, 2762.448284, 5, 0, 5
7433: 25.361304, 2762.327754, 18, 0, 18
7532: 18.896975, 2111.529765, 6, 0, 6
7530: 18.965302, 2113.183111, 4, 0, 4
7408: 25.669293, 2762.703664, 10, 0, 10
7374: 21.526706, 2774.008545, 6, 0, 6
7450: 19.373773, 2123.512137, 4, 0, 4
7388: 21.708019, 2785.766193, 5, 0, 5
7446: 19.490322, 2131.984359, 5, 0, 5
7443: 19.591185, 2140.162631, 5, 0, 5
7539: 19.075764, 2145.217694, 5, 0, 5
7386: 18.161289, 2537.204524, 4, 0, 4
7422: 26.010229, 2800.773662, 9, 0, 9
7365: 22.363224, 2874.405906, 5, 0, 5
7508: 19.528439, 2162.005075, 6, 0, 6
7589: 16.585638, 1668.888236, 4, 0, 4
7631: 16.262941, 1279.323419, 4, 0, 4
7590: 16.592184, 1677.066642, 5, 0, 5
7456: 19.909529, 2178.848610, 5, 0, 5
7417: 26.090742, 2828.083167, 7, 0, 7
7421: 25.915843, 2828.147284, 9, 0, 9
7566: 20.495085, 1845.606276, 5, 0, 5
7438: 22.895903, 2347.088060, 6, 0, 6
7476: 20.020596, 2178.769069, 5, 0, 5
7507: 19.668976, 2180.126769, 14, 0, 14
7440: 23.676858, 2347.524785, 5, 0, 5
7385: 22.302434, 2836.767953, 5, 0, 5
7519: 25.205930, 2347.701156, 7, 0, 7
7652: 15.550763, 1463.395765, 4, 0, 4
7449: 20.081107, 2187.017776, 5, 0, 5
7681: 18.432441, 1463.397798, 5, 0, 5
7553: 17.731001, 1783.285910, 7, 0, 7
7561: 19.503284, 1862.624752, 9, 0, 9
7555: 19.589686, 1866.980859, 8, 0, 8
7528: 25.132398, 2363.430660, 9, 0, 9
7505: 25.366263, 2365.518527, 18, 0, 18
7610: 16.980666, 1871.756192, 5, 0, 5
7370: 26.285819, 3092.944096, 7, 0, 7
7486: 21.763786, 2371.996836, 6, 0, 6
7632: 20.621336, 1482.883892, 5, 0, 5
7677: 16.715667, 1485.439677, 4, 0, 4
7525: 25.353730, 2374.317611, 11, 0, 11
7616: 17.154480, 1883.544493, 4, 0, 4
7455: 23.515247, 2379.443429, 6, 0, 6
7543: 20.920450, 1885.980314, 6, 0, 6
7592: 20.809184, 1884.557910, 8, 0, 8
7607: 17.274431, 1891.480958, 5, 0, 5
7520: 25.707763, 2383.011154, 7, 0, 7
7529: 23.389782, 2385.063436, 6, 0, 6
7376: 26.303303, 3049.872209, 7, 0, 7
7533: 23.455157, 2394.154963, 6, 0, 6
7489: 22.270257, 2399.665529, 7, 0, 7
7378: 26.484982, 3053.905783, 6, 0, 6
7411: 31.062727, 3051.546352, 9, 0, 9
7503: 24.171428, 2401.547059, 7, 0, 7
7477: 19.200045, 2187.070735, 5, 0, 5
7593: 21.746628, 1907.404365, 7, 0, 7
7554: 15.557660, 1690.959162, 8, 0, 8
7536: 19.605821, 2186.740361, 5, 0, 5
7546: 15.610083, 1694.944043, 6, 0, 6
7490: 18.351296, 2195.758780, 5, 0, 5
7451: 20.117251, 2195.227213, 6, 0, 6
7460: 20.218495, 2207.093707, 5, 0, 5
7509: 22.375948, 2211.323430, 5, 0, 5
7368: 23.429392, 2941.033833, 8, 0, 8
7514: 27.093532, 2405.130642, 8, 0, 8
7445: 26.960297, 2407.299124, 8, 0, 8
7584: 17.639335, 1724.453356, 6, 0, 6
7381: 23.228314, 2880.175133, 6, 0, 6
7458: 24.076644, 2410.120304, 7, 0, 7
7671: 19.371924, 1519.654354, 5, 0, 5
7684: 20.011869, 1522.740087, 5, 0, 5
7680: 18.293179, 1525.568266, 5, 0, 5
7384: 27.148756, 3068.990282, 6, 0, 6
7516: 29.106848, 2411.733337, 6, 0, 6
7441: 24.160721, 2419.504973, 7, 0, 7
7630: 19.139291, 1529.511550, 6, 0, 6
7457: 24.236608, 2422.470252, 6, 0, 6
7463: 24.243032, 2422.445770, 5, 0, 5
7453: 24.289862, 2422.937128, 6, 0, 6
7461: 20.419405, 2226.371782, 5, 0, 5
7523: 22.598301, 2230.139021, 7, 0, 7
7383: 23.358453, 2887.875405, 7, 0, 7
7419: 26.444552, 2883.724035, 8, 0, 8
7400: 27.497911, 2884.038089, 8, 0, 8
7402: 27.518963, 2889.031341, 9, 0, 9
7396: 23.435720, 2895.421236, 6, 0, 6
7373: 23.594201, 2896.640921, 6, 0, 6
7538: 22.149645, 2238.095255, 6, 0, 6
7467: 20.664436, 2243.068445, 5, 0, 5
7448: 24.607559, 2426.722037, 6, 0, 6
7377: 27.676313, 3083.714213, 7, 0, 7
7380: 27.715264, 3085.218422, 7, 0, 7
7439: 24.793985, 2430.454673, 6, 0, 6
7473: 24.613422, 2432.099568, 6, 0, 6
7534: 25.306282, 2430.994727, 5, 0, 5
7485: 23.530127, 2434.291634, 6, 0, 6
7483: 23.602549, 2436.991629, 7, 0, 7
7624: 19.014048, 1940.236559, 5, 0, 5
7639: 19.325509, 1547.094844, 7, 0, 7
7643: 16.898819, 1547.150809, 4, 0, 4
7540: 24.537603, 2435.745700, 6, 0, 6
7459: 24.685404, 2438.460343, 6, 0, 6
7579: 16.586594, 1752.989754, 4, 0, 4
7475: 25.066755, 2441.612029, 7, 0, 7
7583: 18.237376, 1755.934745, 5, 0, 5
7591: 19.776544, 1757.928627, 6, 0, 6
7392: 24.118992, 2915.023080, 5, 0, 5
7454: 26.605583, 2444.194162, 6, 0, 6
7469: 20.997348, 2261.614564, 5, 0, 5
7586: 18.743170, 1766.822466, 7, 0, 7
7465: 21.004909, 2269.852690, 4, 0, 4
7567: 21.163659, 1949.143279, 5, 0, 5
7675: 19.403521, 1558.652933, 7, 0, 7
7673: 15.942280, 1434.388455, 4, 0, 4
7481: 24.083453, 2454.403757, 6, 0, 6
7499: 25.950003, 2452.961057, 15, 0, 15
7647: 17.734595, 1565.700147, 4, 0, 4
7661: 17.491698, 1569.126199, 5, 0, 5
7565: 17.356113, 1772.953740, 6, 0, 6
7462: 21.059778, 2274.136046, 6, 0, 6
7500: 22.289533, 2271.632963, 13, 0, 13
7425: 27.904139, 2924.099113, 6, 0, 6
7371: 24.265377, 2927.945035, 7, 0, 7
7495: 21.677974, 2276.292740, 5, 0, 5
7594: 19.160157, 1782.178274, 6, 0, 6
7535: 25.318358, 2457.682956, 7, 0, 7
7687: 21.444152, 1568.341064, 6, 0, 6
7577: 24.972692, 1960.759137, 6, 0, 6
7522: 23.897023, 2277.431819, 8, 0, 8
7551: 17.866264, 1788.765433, 7, 0, 7
7437: 21.455258, 2289.824387, 5, 0, 5
7644: 18.397020, 1576.765314, 6, 0, 6
7442: 21.578340, 2290.077845, 5, 0, 5
7627: 19.488270, 1968.631821, 5, 0, 5
7651: 18.550684, 1580.644383, 5, 0, 5
7545: 18.310473, 1792.281500, 6, 0, 6
7488: 24.420959, 2469.727271, 6, 0, 6
7517: 24.120773, 2284.690727, 7, 0, 7
7478: 20.201340, 2301.843934, 7, 0, 7
7679: 20.126144, 1581.858472, 6, 0, 6
7625: 20.022234, 1976.245802, 6, 0, 6
7648: 18.916123, 1583.959034, 3, 0, 3
7472: 21.685376, 2297.062867, 5, 0, 5
7585: 19.613207, 1801.793393, 6, 0, 6
7595: 19.641034, 1802.910392, 7, 0, 7
7496: 22.229409, 2303.436625, 5, 0, 5
7375: 24.436717, 2959.235690, 6, 0, 6
7596: 19.765695, 1809.450207, 6, 0, 6
7676: 21.702216, 1583.057913, 7, 0, 7
7369: 27.726734, 3138.912439, 10, 0, 10
7613: 20.216458, 1980.658689, 5, 0, 5
7597: 25.463516, 1975.722037, 6, 0, 6
7447: 21.866248, 2309.296997, 6, 0, 6
7480: 20.636287, 2321.329298, 5, 0, 5
7434: 28.848270, 2968.724195, 11, 0, 11
7666: 21.324449, 1589.160656, 6, 0, 6
7531: 26.600764, 2478.206455, 7, 0, 7
7452: 22.212268, 2320.619247, 6, 0, 6
7622: 20.395848, 1984.342421, 5, 0, 5
7563: 23.143399, 1985.910484, 9, 0, 9
7494: 22.519547, 2319.091985, 6, 0, 6
7685: 20.364600, 1593.433768, 5, 0, 5
7382: 24.916850, 2978.506698, 6, 0, 6
7390: 24.934953, 2980.783642, 7, 0, 7
7398: 29.533741, 2977.353016, 7, 0, 7
7588: 24.838708, 1988.850296, 8, 0, 8
7504: 22.702129, 2326.668924, 6, 0, 6
7498: 22.741412, 2328.338217, 11, 0, 11
7542: 18.842211, 1841.863730, 6, 0, 6
7587: 20.193265, 1841.422355, 8, 0, 8
7574: 18.662302, 1843.356187, 4, 0, 4
7521: 24.929684, 2337.687655, 8, 0, 8
7617: 20.450256, 1996.090191, 4, 0, 4
7492: 28.133193, 2490.746591, 17, 0, 17
7573: 23.556400, 1994.240199, 6, 0, 6
7581: 26.391208, 1995.272069, 6, 0, 6
7668: 21.021857, 1605.455865, 5, 0, 5
7513: 30.103679, 2493.364891, 7, 0, 7
7558: 24.676910, 2000.457682, 11, 0, 11
7502: 27.058047, 2498.371602, 11, 0, 11
7654: 19.409205, 1615.294172, 5, 0, 5
7580: 22.942129, 2007.184026, 6, 0, 6
7474: 27.277368, 2504.174937, 7, 0, 7
7560: 22.276200, 2009.435601, 8, 0, 8
7611: 20.821683, 2007.865262, 6, 0, 6
7645: 19.635242, 1616.799750, 5, 0, 5
7491: 26.761905, 2507.465648, 6, 0, 6
7638: 20.116953, 1632.664710, 17, 0, 17
7612: 23.264600, 2021.439711, 7, 0, 7
7620: 22.017589, 2026.327856, 6, 0, 6
7653: 19.981819, 1634.706772, 7, 0, 7
7686: 22.657247, 1631.076594, 4, 0, 4
7693: 16.107382, 1047.664520, 5, 0, 5
7667: 22.540591, 1627.872382, 7, 0, 7
7602: 21.986860, 2036.053504, 6, 0, 6
7556: 25.169624, 2034.987292, 12, 0, 12
7482: 26.661256, 2533.093898, 9, 0, 9
7650: 20.514136, 1646.942728, 5, 0, 5
7636: 20.176162, 1651.310884, 7, 0, 7
7604: 22.192337, 2042.802476, 6, 0, 6
7682: 22.975598, 1647.569506, 7, 0, 7
7618: 22.776312, 2046.151970, 7, 0, 7
7688: 23.127710, 1651.053965, 6, 0, 6
7506: 27.637920, 2542.760330, 11, 0, 11
7664: 21.069777, 1654.566032, 5, 0, 5
7665: 21.457533, 1661.417557, 6, 0, 6
7570: 24.459805, 2057.506054, 6, 0, 6
7582: 24.764356, 2058.473949, 6, 0, 6
7672: 23.815143, 1662.518321, 10, 0, 10
7659: 20.269491, 1666.434643, 7, 0, 7
7569: 25.078145, 2061.191913, 7, 0, 7
7642: 24.185444, 1670.859397, 7, 0, 7
7572: 26.627271, 2067.538994, 7, 0, 7
7599: 23.433386, 2069.951144, 6, 0, 6
7557: 25.405392, 2073.176779, 10, 0, 10
7603: 25.025632, 2072.198538, 7, 0, 7
7663: 22.518991, 1680.284709, 6, 0, 6
7568: 27.420603, 2074.656145, 7, 0, 7
7608: 24.783386, 2076.074267, 7, 0, 7
7674: 26.070212, 1680.183664, 8, 0, 8
7605: 24.876342, 2079.902660, 6, 0, 6
7575: 27.742246, 2077.951659, 7, 0, 7
7683: 25.044124, 1684.759542, 9, 0, 9
7547: 26.202703, 2081.478044, 18, 0, 18
7484: 28.400602, 2577.789758, 7, 0, 7
7571: 27.905757, 2081.995509, 7, 0, 7
7601: 23.849481, 2085.108708, 8, 0, 8
7576: 27.947762, 2082.744538, 7, 0, 7
7615: 24.175328, 2085.845492, 6, 0, 6
7662: 22.623083, 1691.860490, 6, 0, 6
7619: 24.598889, 2086.361009, 6, 0, 6
7660: 22.733955, 1694.480329, 6, 0, 6
7657: 26.470579, 1692.108081, 5, 0, 5
7552: 24.549083, 2090.196471, 13, 0, 13
7548: 24.423894, 2090.659572, 20, 0, 20
7649: 24.747265, 1694.410619, 6, 0, 6
7633: 21.686940, 1699.322342, 8, 0, 8
7606: 25.346021, 2087.443291, 6, 0, 6
7626: 24.686843, 2089.984683, 6, 0, 6
7609: 25.913638, 2090.763066, 8, 0, 8
7629: 24.817261, 2091.701260, 6, 0, 6
7655: 24.956687, 1697.681714, 6, 0, 6
7578: 28.859608, 2090.988613, 8, 0, 8
7600: 26.323381, 2094.934497, 9, 0, 9
7646: 26.248091, 1700.973942, 9, 0, 9
7614: 26.626593, 2098.004240, 9, 0, 9
7623: 27.552950, 2097.001337, 8, 0, 8
7656: 27.304912, 1703.409557, 8, 0, 8
7689: 26.525012, 1707.115587, 7, 0, 7
7628: 29.695988, 2098.434861, 7, 0, 7
7598: 28.743659, 2101.890881, 10, 0, 10
7621: 29.815096, 2100.593852, 7, 0, 7
7637: 22.751177, 1716.531236, 9, 0, 9
7709: 19.495677, 1123.860743, 6, 0, 6
7658: 24.155035, 1714.453679, 8, 0, 8
7544: 26.973149, 2110.996879, 11, 0, 11
7562: 26.976850, 2111.121727, 9, 0, 9
7678: 28.159709, 1713.791462, 8, 0, 8
7559: 27.559974, 2111.675818, 16, 0, 16
7564: 26.462145, 2112.537466, 14, 0, 14
7670: 27.605849, 1715.632173, 9, 0, 9
7669: 28.046917, 1716.912194, 8, 0, 8
7635: 23.465193, 1719.848400, 14, 0, 14
7549: 29.581312, 2113.221410, 28, 0, 28
7634: 26.141112, 1721.941888, 14, 0, 14
7541: 29.485898, 2114.511944, 12, 0, 12
7550: 29.512530, 2115.271443, 14, 0, 14
7641: 24.890665, 1726.331086, 13, 0, 13
7702: 21.967050, 1136.138016, 9, 0, 9
7706: 22.562692, 1132.968083, 9, 0, 9
7708: 23.554305, 1135.807227, 9, 0, 9
7694: 21.381014, 1138.380431, 5, 0, 5
7707: 24.667870, 1135.422329, 8, 0, 8
7690: 22.510993, 1139.343852, 8, 0, 8
7699: 17.613925, 1146.131668, 14, 0, 14
7691: 22.680166, 1141.410590, 6, 0, 6
7703: 21.175606, 1145.111069, 13, 0, 13
7692: 26.484866, 1141.320306, 7, 0, 7
7705: 24.445279, 1143.009263, 13, 0, 13
7700: 20.122329, 1148.533777, 10, 0, 10
7701: 23.812631, 1145.088262, 18, 0, 18
7698: 21.787291, 1147.185516, 12, 0, 12
7704: 22.254770, 1145.563603, 10, 0, 10
7640: 25.906528, 1739.754994, 11, 0, 11
7696: 20.454125, 1151.030882, 11, 0, 11
7695: 24.164582, 1147.587441, 13, 0, 13
7697: 25.049997, 1146.660630, 10, 0, 10
